300.00     0.05238
305.00     0.12970
310.00     0.14900
315.00     0.15453
320.00     0.16839
325.00     0.16857
330.00     0.16677
335.00     0.16099
340.00     0.14921
345.00     0.14544
350.00     0.14859
355.00     0.15796
360.00     0.17669
365.00     0.20400
370.00     0.23976
375.00     0.28733
380.00     0.34256
385.00     0.40736
390.00     0.48130
395.00     0.56253
400.00     0.65180
405.00     0.74736
410.00     0.84871
415.00     0.95743
420.00     1.07170
425.00     1.19477
430.00     1.32573
435.00     1.46311
440.00     1.60939
445.00     1.76444
450.00     1.92600
455.00     2.09747
460.00     2.27734
465.00     2.46491
470.00     2.65934
475.00     2.86443
480.00     3.07721
485.00     3.30327
490.00     3.53759
495.00     3.78031
500.00     4.03299
505.00     4.29629
510.00     4.56720
515.00     4.84597
520.00     5.13044
525.00     5.42459
530.00     5.72504
535.00     6.03399
540.00     6.34884
545.00     6.67083
550.00     6.99843
555.00     7.33251
560.00     7.67287
565.00     8.01849
570.00     8.37037
575.00     8.72719
580.00     9.08944
585.00     9.45637
590.00     9.83059
595.00     10.20567
600.00     10.58413
605.00     10.96514
610.00     11.35400
615.00     11.74086
620.00     12.13786
625.00     12.53529
630.00     12.94114
635.00     13.34986
640.00     13.76000
645.00     14.17243
650.00     14.59029
655.00     15.01014
660.00     15.43271
665.00     15.85343
670.00     16.27957
675.00     16.71600
680.00     17.16171
685.00     17.62329
690.00     18.09986
695.00     18.61343
700.00     19.15814
705.00     19.75471
710.00     20.38586
715.00     21.06157
720.00     21.78900
725.00     22.55486
730.00     23.33971
735.00     24.15043
740.00     24.97100
745.00     25.80000
750.00     26.61829
755.00     27.42214
760.00     28.21514
765.00     28.99314
770.00     29.73843
775.00     30.45100
780.00     31.14886
785.00     31.82071
790.00     32.47729
795.00     33.08929
800.00     33.70271
805.00     34.32443
810.00     34.93743
815.00     35.54586
820.00     36.16414
825.00     36.77100
830.00     37.39257
835.00     38.01757
840.00     38.62800
845.00     39.26057
850.00     39.87757
855.00     40.50814
860.00     41.12986
865.00     41.76643
870.00     42.38357
875.00     43.02243
880.00     43.65557
885.00     44.28400
890.00     44.91057
895.00     45.56643
900.00     46.20871
905.00     46.86157
910.00     47.50086
915.00     48.09557
920.00     48.69529
925.00     49.17543
930.00     49.64729
935.00     50.12986
940.00     50.65957
945.00     51.21457
950.00     51.81429
955.00     52.38000
960.00     53.12486
965.00     53.76129
970.00     54.35300
975.00     54.96643
980.00     55.62414
985.00     56.18557
990.00     56.70914
995.00     57.13743
1000.00     57.73771
1005.00     58.35457
1010.00     58.82014
1015.00     59.36314
1020.00     59.99657
1025.00     60.73814
1030.00     61.39386
1035.00     61.85443
1040.00     62.56929
1045.00     63.61986
1050.00     64.36015
1055.00     65.00814
1060.00     65.66528
1065.00     66.65157
1070.00     67.87300
1075.00     68.72400
1080.00     69.14085
1085.00     69.69000
1090.00     70.60857
1095.00     71.64771
1100.00     73.93855
1105.00     74.14520
1110.00     74.36470
1115.00     74.59248
1120.00     74.82437
1125.00     75.05667
1130.00     75.28603
1135.00     75.50948
1140.00     75.72441
1145.00     75.92854
1150.00     76.11989
1155.00     76.29676
1160.00     76.45773
1165.00     76.60162
1170.00     76.72749
1175.00     76.83461
1180.00     76.92243
1185.00     76.99060
1190.00     77.03894
1195.00     77.06740
1200.00     77.07609
1205.00     77.06522
1210.00     77.03514
1215.00     76.98627
1220.00     76.91915
1225.00     76.83437
1230.00     76.73260
1235.00     76.61456
1240.00     76.48102
1245.00     76.33280
1250.00     76.17074
1255.00     75.99571
1260.00     75.80859
1265.00     75.61029
1270.00     75.40170
1275.00     75.18371
1280.00     74.95722
1285.00     74.72312
1290.00     74.48227
1295.00     74.23551
1300.00     73.98367
1305.00     73.72754
1310.00     73.46790
1315.00     73.20547
1320.00     72.94096
1325.00     72.67503
1330.00     72.40832
1335.00     72.14140
1340.00     71.87484
1345.00     71.60914
1350.00     71.34476
1355.00     71.08214
1360.00     70.82165
1365.00     70.56364
1370.00     70.30841
1375.00     70.05623
1380.00     69.80730
1385.00     69.56181
1390.00     69.31991
1395.00     69.08169
1400.00     68.84723
1405.00     68.61656
1410.00     68.38968
1415.00     68.16655
1420.00     67.94711
1425.00     67.73128
1430.00     67.51893
1435.00     67.30991
1440.00     67.10405
1445.00     66.90118
1450.00     66.70106
1455.00     66.50347
1460.00     66.30818
1465.00     66.11491
1470.00     65.92339
1475.00     65.73335
1480.00     65.54448
1485.00     65.35648
1490.00     65.16904
1495.00     64.98186
1500.00     64.79462
1505.00     64.60702
1510.00     64.41873
1515.00     64.22945
1520.00     64.03887
1525.00     63.84669
1530.00     63.65263
1535.00     63.45638
1540.00     63.25769
1545.00     63.05628
1550.00     62.85190
1555.00     62.64432
1560.00     62.43330
1565.00     62.21862
1570.00     62.00011
1575.00     61.77757
1580.00     61.55084
1585.00     61.31977
1590.00     61.08423
1595.00     60.84412
1600.00     60.59932
1605.00     60.34978
1610.00     60.09542
1615.00     59.83623
1620.00     59.57216
1625.00     59.30322
1630.00     59.02943
1635.00     58.75082
1640.00     58.46745
1645.00     58.17937
1650.00     57.88668
1655.00     57.58948
1660.00     57.28789
1665.00     56.98203
1670.00     56.67207
1675.00     56.35815
1680.00     56.04045
1685.00     55.71917
1690.00     55.39448
1695.00     55.06661
1700.00     54.73577
1705.00     54.40219
1710.00     54.06609
1715.00     53.72773
1720.00     53.38734
1725.00     53.04517
1730.00     52.70147
1735.00     52.35651
1740.00     52.01054
1745.00     51.66381
1750.00     51.31659
1755.00     50.96912
1760.00     50.62165
1765.00     50.27444
1770.00     49.92773
1775.00     49.58176
1780.00     49.23674
1785.00     48.89292
1790.00     48.55049
1795.00     48.20967
1800.00     47.87065
1805.00     47.53361
1810.00     47.19872
1815.00     46.86614
1820.00     46.53602
1825.00     46.20849
1830.00     45.88367
1835.00     45.56165
1840.00     45.24254
1845.00     44.92641
1850.00     44.61330
1855.00     44.30326
1860.00     43.99632
1865.00     43.69249
1870.00     43.39176
1875.00     43.09411
1880.00     42.79950
1885.00     42.50788
1890.00     42.21918
1895.00     41.93330
1900.00     41.65017
1905.00     41.36965
1910.00     41.09162
1915.00     40.81595
1920.00     40.54248
1925.00     40.27104
1930.00     40.00146
1935.00     39.73356
1940.00     39.46713
1945.00     39.20198
1950.00     38.93789
1955.00     38.67465
1960.00     38.41204
1965.00     38.14982
1970.00     37.88778
1975.00     37.62567
1980.00     37.36327
1985.00     37.10035
1990.00     36.83669
1995.00     36.57204
2000.00     36.30620
2005.00     36.03895
2010.00     35.77009
2015.00     35.49941
2020.00     35.22674
2025.00     34.95189
2030.00     34.67469
2035.00     34.39502
2040.00     34.11271
2045.00     33.82766
2050.00     33.53977
2055.00     33.24895
2060.00     32.95515
2065.00     32.65832
2070.00     32.35843
2075.00     32.05550
2080.00     31.74955
2085.00     31.44062
2090.00     31.12878
2095.00     30.81415
2100.00     30.49683
2105.00     30.17698
2110.00     29.85478
2115.00     29.53041
2120.00     29.20411
2125.00     28.87612
2130.00     28.54673
2135.00     28.21622
2140.00     27.88494
2145.00     27.55320
2150.00     27.22140
2155.00     26.88991
2160.00     26.55914
2165.00     26.22952
2170.00     25.90148
2175.00     25.57549
2180.00     25.25201
2185.00     24.93153
2190.00     24.61452
2195.00     24.30148
2200.00     23.99290
2205.00     23.68929
2210.00     23.39112
2215.00     23.09889
2220.00     22.81308
2225.00     22.53414
2230.00     22.26252
2235.00     21.99865
2240.00     21.74294
2245.00     21.49576
2250.00     21.25745
2255.00     21.02832
2260.00     20.80865
2265.00     20.59864
2270.00     20.39848
2275.00     20.20829
2280.00     20.02814
2285.00     19.85802
2290.00     19.69789
2295.00     19.54759
2300.00     19.40694
2305.00     19.27564
2310.00     19.15334
2315.00     19.03958
2320.00     18.93383
2325.00     18.83546
2330.00     18.74375
2335.00     18.65787
2340.00     18.57692
2345.00     18.49987
2350.00     18.42561
2355.00     18.35291
2360.00     18.28046
2365.00     18.20684
2370.00     18.13052
2375.00     18.04989
2380.00     17.96323
2385.00     17.86875
2390.00     17.76456
2395.00     17.64870
2400.00     17.51912
2405.00     17.37373
2410.00     17.21038
2415.00     17.02688
2420.00     16.82099
2425.00     16.59048
2430.00     16.33312
2435.00     16.04669
2440.00     15.72901
2445.00     15.37795
2450.00     14.99150
2455.00     14.56773
2460.00     14.10485
2465.00     13.60127
2470.00     13.05558
2475.00     12.46661
2480.00     11.83351
2485.00     11.15571
2490.00     10.43305
2495.00     9.66577
2500.00     8.85460
