345.33	-12.29
345.55	-12.29
345.77	-12.29
345.98	61.44
346.20	65.54
346.42	-104.45
346.64	-79.87
346.86	-53.25
347.08	-53.25
347.29	4.10
347.51	-59.39
347.73	-34.82
347.95	0.00
348.17	-24.58
348.38	-6.14
348.60	-122.88
348.82	-47.10
349.04	-32.77
349.26	-57.34
349.48	38.91
349.69	26.62
349.91	112.64
350.13	114.69
350.35	88.06
350.57	163.84
350.78	106.49
351.00	75.77
351.22	47.10
351.44	182.27
351.66	169.98
351.87	32.77
352.09	2.05
352.31	30.72
352.53	36.86
352.75	120.83
352.96	-30.72
353.18	36.86
353.40	73.73
353.62	8.19
353.84	-10.24
354.05	172.03
354.27	-67.58
354.49	22.53
354.71	106.49
354.92	86.01
355.14	77.82
355.36	-59.39
355.58	55.30
355.80	167.93
356.01	73.73
356.23	69.63
356.45	94.21
356.67	83.97
356.88	73.73
357.10	75.77
357.32	71.68
357.54	98.30
357.75	71.68
357.97	-8.19
358.19	210.94
358.41	69.63
358.62	92.16
358.84	-55.30
359.06	43.01
359.28	86.01
359.49	129.02
359.71	163.84
359.93	4.10
360.15	55.30
360.36	75.77
360.58	69.63
360.80	210.94
361.02	108.54
361.23	83.97
361.45	77.82
361.67	14.34
361.89	77.82
362.10	90.11
362.32	100.35
362.54	129.02
362.76	114.69
362.97	51.20
363.19	135.17
363.41	190.46
363.63	163.84
363.84	83.97
364.06	67.58
364.28	90.11
364.49	73.73
364.71	141.31
364.93	200.70
365.15	-10.24
365.36	-20.48
365.58	169.98
365.80	77.82
366.01	196.61
366.23	114.69
366.45	126.97
366.67	159.74
366.88	145.41
367.10	149.50
367.32	120.83
367.53	198.65
367.75	102.40
367.97	167.93
368.19	51.20
368.40	153.60
368.62	65.53
368.84	159.74
369.05	102.40
369.27	106.49
369.49	141.31
369.70	188.41
369.92	149.50
370.14	147.45
370.35	69.63
370.57	141.31
370.79	135.17
371.01	88.06
371.22	86.01
371.44	192.51
371.66	151.55
371.87	92.16
372.09	178.17
372.31	139.26
372.52	-36.86
372.74	305.15
372.96	208.89
373.17	188.41
373.39	229.37
373.61	241.66
373.82	331.77
374.04	155.65
374.26	215.04
374.47	114.69
374.69	202.75
374.91	212.99
375.12	202.75
375.34	266.24
375.56	315.39
375.77	126.97
375.99	243.71
376.21	169.98
376.42	237.56
376.64	217.08
376.86	217.08
377.07	81.92
377.29	208.89
377.50	233.47
377.72	137.21
377.94	180.22
378.15	258.04
378.37	178.17
378.59	155.65
378.80	147.45
379.02	206.84
379.24	256.00
379.45	249.85
379.67	215.04
379.88	339.96
380.10	317.44
380.32	120.83
380.53	376.83
380.75	212.99
380.97	342.01
381.18	215.04
381.40	272.38
381.61	303.10
381.83	167.93
382.05	247.80
382.26	286.72
382.48	376.83
382.70	399.35
382.91	288.76
383.13	391.16
383.34	206.84
383.56	247.80
383.78	315.39
383.99	419.83
384.21	253.95
384.42	366.59
384.64	292.86
384.86	278.52
385.07	348.15
385.29	356.35
385.50	335.87
385.72	266.24
385.94	319.48
386.15	352.25
386.37	286.72
386.58	370.68
386.80	329.72
387.02	495.61
387.23	356.35
387.45	446.46
387.66	282.62
387.88	385.02
388.09	401.40
388.31	344.06
388.53	348.15
388.74	368.63
388.96	395.26
389.17	413.69
389.39	274.43
389.60	454.65
389.82	413.69
390.04	489.46
390.25	370.68
390.47	477.18
390.68	409.59
390.90	464.89
391.11	456.70
391.33	419.83
391.55	466.94
391.76	399.35
391.98	499.70
392.19	477.18
392.41	499.70
392.62	428.03
392.84	514.04
393.05	423.93
393.27	432.12
393.49	479.22
393.70	387.07
393.92	561.14
394.13	532.47
394.35	403.45
394.56	559.10
394.78	452.60
394.99	600.05
395.21	503.80
395.42	608.25
395.64	573.43
395.86	563.19
396.07	587.77
396.29	522.23
396.50	520.18
396.72	679.93
396.93	573.43
397.15	479.22
397.36	600.05
397.58	544.76
397.79	614.39
398.01	577.53
398.22	548.86
398.44	653.30
398.65	585.72
398.87	497.66
399.08	460.79
399.30	765.94
399.51	704.50
399.73	483.32
399.94	696.31
400.16	706.55
400.37	692.21
400.59	628.73
400.80	671.73
401.02	675.83
401.23	641.01
401.45	602.10
401.66	606.20
401.88	626.68
402.09	630.77
402.31	651.25
402.52	614.39
402.74	649.21
402.95	776.18
403.17	716.79
403.38	643.06
403.60	804.85
403.81	765.94
404.03	700.41
404.24	778.23
404.46	940.02
404.67	602.10
404.89	765.94
405.10	933.87
405.32	747.51
405.53	767.99
405.75	819.19
405.96	821.24
406.18	892.91
406.39	761.84
406.61	839.67
406.82	882.67
407.03	878.58
407.25	948.21
407.46	905.20
407.68	763.89
407.89	894.96
408.11	962.55
408.32	858.10
408.54	872.43
408.75	919.54
408.97	808.95
409.18	946.16
409.40	948.21
409.61	925.68
409.82	903.15
410.04	942.07
410.25	925.68
410.47	978.93
410.68	983.02
410.90	983.03
411.11	970.74
411.33	1005.55
411.54	993.26
411.75	1128.43
411.97	1071.09
412.18	1011.70
412.40	966.64
412.61	1222.64
412.83	1009.65
413.04	987.12
413.25	1005.55
413.47	1146.86
413.68	956.40
413.90	1023.98
414.11	1015.79
414.33	1062.90
414.54	1148.91
414.75	1118.19
414.97	1079.28
415.18	1198.06
415.40	1064.94
415.61	1173.49
415.82	1198.06
416.04	1275.88
416.25	1253.36
416.47	1187.82
416.68	1171.44
416.89	1318.89
417.11	1282.03
417.32	1107.95
417.54	1124.33
417.75	1230.83
417.96	1284.08
418.18	1255.40
418.39	1251.31
418.61	1210.35
418.82	1226.73
419.03	1290.22
419.25	1341.42
419.46	1296.36
419.68	1120.24
419.89	1325.04
420.10	1361.90
420.32	1312.75
420.53	1511.40
420.74	1331.18
420.96	1406.95
421.17	1318.89
421.39	1587.18
421.60	1421.29
421.81	1464.30
422.03	1271.79
422.24	1490.92
422.45	1474.54
422.67	1413.10
422.88	1652.71
423.10	1499.11
423.31	1320.94
423.52	1316.84
423.74	1441.77
423.95	1476.59
424.16	1562.60
424.38	1587.18
424.59	1601.51
424.80	1531.88
425.02	1638.38
425.23	1492.97
425.45	1533.93
425.66	1468.39
425.87	1615.85
426.09	1695.72
426.30	1687.53
426.51	1615.85
426.73	1671.14
426.94	1548.26
427.15	1593.32
427.37	1753.06
427.58	1619.94
427.79	1585.13
428.01	1708.01
428.22	1701.86
428.43	1757.16
428.65	1861.60
428.86	1820.64
429.07	1773.54
429.29	1755.11
429.50	1730.53
429.71	1814.50
429.93	1839.08
430.14	1918.95
430.35	1773.54
430.57	1914.85
430.78	1857.51
430.99	1859.56
431.20	1945.57
431.42	1925.09
431.63	1964.00
431.84	1851.36
432.06	1925.09
432.27	1978.34
432.48	1865.70
432.70	1918.95
432.91	2158.56
433.12	1861.60
433.34	2033.63
433.55	2086.88
433.76	2054.11
433.97	2095.07
434.19	2078.69
434.40	2088.93
434.61	2162.66
434.83	2275.29
435.04	1738.73
435.25	2189.28
435.46	2306.01
435.68	2361.31
435.89	2295.77
436.10	2043.87
436.32	2224.09
436.53	2211.81
436.74	2252.77
436.95	2346.97
437.17	2107.36
437.38	2494.43
437.59	2340.83
437.81	2260.96
438.02	2269.15
438.23	2549.72
438.44	2490.33
438.66	2293.73
438.87	2562.01
439.08	2510.81
439.29	2494.43
439.51	2582.49
439.72	2648.02
439.93	2768.85
440.14	2416.60
440.36	2686.94
440.57	2664.41
440.78	2711.51
440.99	2500.57
441.21	2475.99
441.42	2553.82
441.63	2758.61
441.84	2660.31
442.06	2625.50
442.27	2760.66
442.48	2680.79
442.69	2781.14
442.91	2678.74
443.12	2629.59
443.33	2820.05
443.54	2871.25
443.76	2828.24
443.97	2791.38
444.18	2875.35
444.39	2590.68
444.61	2871.25
444.82	2844.63
445.03	2738.13
445.24	2840.53
445.45	3080.14
445.67	2910.16
445.88	2893.78
446.09	2863.06
446.30	3014.61
446.52	2938.84
446.73	2998.23
446.94	2906.07
447.15	3028.95
447.36	2977.75
447.58	2916.31
447.79	3067.86
448.00	3108.82
448.21	3106.77
448.42	3129.30
448.64	2918.36
448.85	3084.24
449.06	3143.63
449.27	3340.24
449.48	2899.92
449.70	3411.92
449.91	3131.34
450.12	3174.35
450.33	3121.10
450.54	3280.85
450.76	3284.94
450.97	3145.68
451.18	3321.81
451.39	3540.94
451.60	3346.38
451.82	3033.04
452.03	3375.05
452.24	3264.46
452.45	3344.33
452.66	3467.21
452.87	3463.12
453.09	3416.01
453.30	3567.56
453.51	3434.44
453.72	3538.89
453.93	3545.03
454.14	3422.16
454.36	3608.52
454.57	3747.78
454.78	3454.92
454.99	3739.59
455.20	3737.54
455.41	3710.92
455.63	3676.10
455.84	3751.88
456.05	3606.47
456.26	3821.51
456.47	3946.44
456.68	3907.52
456.89	3901.38
457.11	3604.42
457.32	4001.73
457.53	3717.06
457.74	3729.35
457.95	4145.09
458.16	3979.20
458.38	3971.01
458.59	3846.09
458.80	3946.44
459.01	4476.86
459.22	4118.47
459.43	4059.07
459.64	3979.20
459.85	4116.42
460.07	4128.70
460.28	4401.08
460.49	4456.38
460.70	4149.18
460.91	4302.78
461.12	3989.44
461.33	4161.47
461.54	4579.26
461.76	4368.32
461.97	4321.21
462.18	4343.74
462.39	4315.07
462.60	4456.38
462.81	4458.43
463.02	5015.48
463.23	4790.20
463.44	4827.06
463.66	4804.53
463.87	4718.52
464.08	4691.90
464.29	4782.01
464.50	4845.49
464.71	4931.51
464.92	4849.59
465.13	4876.21
465.34	5146.55
465.55	4990.90
465.77	5035.96
465.98	5310.38
466.19	5101.49
466.40	4861.88
466.61	5103.54
466.82	5347.25
467.03	5382.06
467.24	5527.47
467.45	5496.75
467.66	5597.10
467.87	5586.86
468.08	5767.08
468.30	5767.08
468.51	5869.48
468.72	5853.09
468.93	5623.72
469.14	5965.73
469.35	5738.41
469.56	5951.40
469.77	6148.00
469.98	6358.94
470.19	6256.54
470.40	6317.98
470.61	6033.32
470.82	6422.43
471.03	6483.87
471.24	6502.30
471.46	6686.62
471.67	6627.23
471.88	6872.98
472.09	6674.33
472.30	6766.49
472.51	7092.12
472.72	6995.86
472.93	6676.38
473.14	7053.20
473.35	7462.80
473.56	7417.74
473.77	7673.74
473.98	7464.85
474.19	7786.38
474.40	7872.39
474.61	7970.69
474.82	7829.38
475.03	7427.98
475.24	8001.41
475.45	8288.13
475.66	8476.54
475.87	8533.89
476.08	8601.47
476.29	8451.97
476.50	8308.61
476.71	8335.23
476.92	8791.93
477.13	8441.73
477.34	8832.89
477.55	9142.13
477.77	8941.43
477.98	9072.50
478.19	9105.27
478.40	9281.39
478.61	9095.03
478.82	9557.87
479.03	9785.19
479.24	9666.41
479.45	9777.00
479.66	9547.63
479.87	9766.76
480.08	9467.76
480.29	10121.06
480.50	9783.15
480.71	10135.40
480.92	10202.98
481.13	10403.68
481.34	10581.85
481.55	10506.08
481.75	10618.72
481.96	10852.19
482.17	10602.33
482.38	10958.68
482.59	11282.26
482.80	11059.03
483.01	10968.92
483.22	10848.09
483.43	11143.00
483.64	11558.74
483.85	11454.29
484.06	11147.09
484.27	11880.27
484.48	11669.33
484.69	11755.34
484.90	11741.00
485.11	11659.09
485.32	12027.72
485.53	12009.29
485.74	12291.91
485.95	12574.53
486.16	12486.47
486.37	12408.64
486.58	12781.37
486.79	12709.69
487.00	12441.41
487.21	12691.26
487.42	12924.73
487.63	12808.00
487.84	12980.03
488.04	13254.45
488.25	13039.42
488.46	13152.06
488.67	13074.23
488.88	13256.50
489.09	13489.97
489.30	13444.91
489.51	13793.07
489.72	13590.32
489.93	14010.15
490.14	13834.03
490.35	13868.84
490.56	13782.83
490.77	13844.27
490.98	14163.75
491.18	14153.51
491.39	14511.91
491.60	14102.31
491.81	14264.10
492.02	14536.48
492.23	14792.48
492.44	14407.46
492.65	14835.49
492.86	14792.48
493.07	14905.12
493.28	14382.88
493.49	14812.96
493.69	14862.11
493.90	15439.64
494.11	15445.78
494.32	15349.53
494.53	14815.01
494.74	15628.05
494.95	15609.62
495.16	15232.79
495.37	15576.85
495.58	15810.32
495.78	15623.95
495.99	15965.96
496.20	15791.89
496.41	16027.40
496.62	15681.30
496.83	16232.20
497.04	15972.11
497.25	16260.87
497.46	16224.01
497.66	16439.05
497.87	16426.76
498.08	16420.61
498.29	16613.12
498.50	16899.84
498.71	16910.08
498.92	16791.30
499.13	17030.91
499.33	16758.53
499.54	16998.14
499.75	16885.50
499.96	17403.64
500.17	17415.93
500.38	17385.21
500.59	17245.94
500.79	17387.25
501.00	17895.15
501.21	17958.64
501.42	17618.68
501.63	17850.10
501.84	17966.83
502.05	17899.25
502.25	18112.24
502.46	18288.36
502.67	17946.35
502.88	18267.88
503.09	17936.11
503.30	18136.81
503.50	18351.85
503.71	18351.85
503.92	18691.81
504.13	18804.45
504.34	19025.63
504.55	18808.54
504.75	18704.10
504.96	19009.25
505.17	18986.72
505.38	19160.80
505.59	19359.45
505.80	19377.88
506.00	19474.13
506.21	19166.94
506.42	19285.72
506.63	19332.82
506.84	19574.49
507.05	19678.93
507.25	19803.86
507.46	19689.17
507.67	19656.40
507.88	19912.40
508.09	19814.10
508.29	20086.48
508.50	19996.37
508.71	20104.91
508.92	20125.39
509.13	20670.15
509.33	20328.14
509.54	20631.24
509.75	20291.27
509.96	20942.53
510.17	20643.52
510.37	20741.83
510.58	20862.66
510.79	20864.71
511.00	20862.66
511.21	21112.51
511.41	21167.80
511.62	21587.64
511.83	21132.99
512.04	21434.04
512.25	21368.51
512.45	21456.57
512.66	21440.18
512.87	21923.51
513.08	22077.10
513.28	22195.89
513.49	21900.98
513.70	21968.56
513.91	22294.19
514.11	22083.25
514.32	22486.70
514.53	22421.16
514.74	22468.27
514.95	22533.80
515.15	22361.77
515.36	22822.56
515.57	22802.08
515.78	22894.24
515.98	23125.66
516.19	22562.47
516.40	22795.94
516.61	23129.76
516.81	23334.56
517.02	23207.58
517.23	23621.27
517.44	23076.51
517.64	23125.66
517.85	23234.21
518.06	23561.88
518.27	23422.62
518.47	23705.24
518.68	23973.52
518.89	23756.44
519.09	23918.23
519.30	24080.02
519.51	23955.09
519.72	24356.49
519.92	23903.89
520.13	24114.83
520.34	23918.23
520.55	23895.70
520.75	24495.75
520.96	24512.14
521.17	24714.89
521.37	24159.89
521.58	24462.99
521.79	24329.87
522.00	25034.37
522.20	24600.20
522.41	25357.95
522.62	25028.23
522.82	24800.90
523.03	24989.31
523.24	24931.97
523.45	25167.49
523.65	25187.97
523.86	25273.98
524.07	25443.96
524.27	25138.82
524.48	25484.92
524.69	25079.43
524.89	25327.23
525.10	25392.76
525.31	25417.34
525.52	25695.86
525.72	25988.72
525.93	25785.97
526.14	25882.23
526.34	26226.29
526.55	25824.89
526.76	25761.40
526.96	26107.51
527.17	25906.80
527.38	25972.34
527.58	26285.68
527.79	25960.05
528.00	26117.75
528.20	26166.90
528.41	26273.39
528.62	26166.90
528.82	26574.44
529.03	26500.72
529.24	26865.25
529.44	26463.85
529.65	26603.11
529.86	26568.30
530.06	26668.65
530.27	26455.66
530.48	26885.73
530.68	26617.45
530.89	26562.15
531.10	26529.39
531.30	26723.94
531.51	26969.70
531.72	27158.11
531.92	26918.50
532.13	26639.98
532.33	26805.86
532.54	27266.66
532.75	27068.00
532.95	26951.27
533.16	27315.81
533.37	27293.28
533.57	27018.85
533.78	27147.87
533.99	27049.57
534.19	27367.01
534.40	27436.64
534.60	27496.03
534.81	27145.83
535.02	27342.43
535.22	27731.54
535.43	28149.33
535.64	27782.74
535.84	27967.06
536.05	27788.89
536.25	28032.60
536.46	28304.98
536.67	27922.01
536.87	27866.71
537.08	28040.79
537.28	28421.71
537.49	28274.26
537.70	28800.58
537.90	28589.64
538.11	28337.74
538.32	28243.54
538.52	28468.81
538.73	28274.26
538.93	28798.54
539.14	28446.29
539.34	29095.49
539.55	29077.06
539.76	29103.68
539.96	28532.30
540.17	28800.58
540.37	29224.51
540.58	29204.03
540.79	29257.28
540.99	29382.21
541.20	29396.54
541.40	29718.07
541.61	29462.08
541.81	29595.20
542.02	29134.40
542.23	29597.24
542.43	29619.77
542.64	30000.69
542.84	29634.11
543.05	30012.98
543.25	30142.00
543.46	29828.66
543.67	30299.70
543.87	30328.37
544.08	30254.64
544.28	30500.40
544.49	30125.62
544.69	30803.50
544.90	30545.45
545.11	30473.78
545.31	30895.66
545.52	31198.76
545.72	30686.76
545.93	31204.90
546.13	31235.62
546.34	30721.58
546.54	31387.17
546.75	31479.33
546.95	31252.00
547.16	31374.88
547.36	31682.08
547.57	31508.00
547.78	31690.27
547.98	31600.16
548.19	31794.71
548.39	32353.81
548.60	32536.08
548.80	31768.09
549.01	31954.46
549.21	32425.49
549.42	32550.42
549.62	32132.63
549.83	32269.84
550.03	32513.55
550.24	32628.24
550.44	32378.39
550.65	33431.04
550.85	33023.50
551.06	33291.78
551.26	33256.96
551.47	33261.06
551.67	33508.86
551.88	33254.92
552.08	33705.47
552.29	33222.15
552.49	33164.81
552.70	33375.75
552.90	33496.58
553.11	33560.06
553.31	33730.05
553.52	34055.67
553.72	34311.67
553.93	34614.77
554.13	34162.17
554.34	34176.50
554.54	33863.16
554.75	34446.83
554.95	34270.71
555.16	34250.23
555.36	34293.24
555.57	34387.44
555.77	34502.13
555.98	34805.23
556.18	34919.92
556.39	34878.96
556.59	35073.51
556.80	35454.44
557.00	35462.63
557.21	35489.25
557.41	35569.12
557.61	35321.32
557.82	35644.90
558.02	35417.57
558.23	35366.37
558.43	35393.00
558.64	35712.48
558.84	35614.18
559.05	35986.91
559.25	35925.47
559.46	35806.69
559.66	36081.11
559.86	35927.52
560.07	36285.91
560.27	36247.00
560.48	36654.54
560.68	36664.78
560.89	36419.03
561.09	36761.04
561.30	36742.61
561.50	36333.01
561.70	37070.28
561.91	36441.56
562.11	36681.17
562.32	36984.27
562.52	36851.15
562.73	37619.14
562.93	36826.57
563.13	37481.92
563.34	36564.43
563.54	36285.91
563.75	37934.53
563.95	37068.23
564.16	37184.97
564.36	37219.78
564.56	36793.81
564.77	37780.93
564.97	37092.81
565.18	37731.78
565.38	37539.27
565.58	37440.96
565.79	37840.32
565.99	37860.80
566.20	38022.59
566.40	37668.29
566.60	37852.61
566.81	37682.62
567.01	37537.22
567.22	37946.81
567.42	37967.29
567.62	37883.33
567.83	38237.62
568.03	38110.65
568.24	38301.11
568.44	38663.60
568.64	38139.32
568.85	38370.74
569.05	38000.06
569.25	38147.51
569.46	37973.44
569.66	38403.51
569.87	38268.34
570.07	38835.63
570.27	38864.30
570.48	38122.94
570.68	38921.65
570.88	38950.32
571.09	38528.44
571.29	38524.34
571.50	38546.87
571.70	38679.99
571.90	38952.37
572.11	38716.85
572.31	38790.58
572.51	38550.96
572.72	39204.27
572.92	39364.01
573.12	38585.78
573.33	38999.47
573.53	39370.15
573.73	39087.53
573.94	39226.79
574.14	39261.61
574.35	38972.85
574.55	39503.27
574.75	39349.67
574.96	38974.89
575.16	39364.01
575.36	39038.38
575.57	39755.17
575.77	39327.14
575.97	39497.13
576.18	38962.61
576.38	39175.59
576.58	39552.42
576.79	39832.99
576.99	39536.04
577.19	39964.06
577.39	39603.62
577.60	39665.06
577.80	39675.30
578.00	39808.42
578.21	39478.69
578.41	39357.86
578.61	39837.09
578.82	39978.40
579.02	39687.59
579.22	39626.15
579.43	40412.57
579.63	39759.27
579.83	39601.57
580.04	40002.97
580.24	39501.22
580.44	39998.88
580.64	39507.37
580.85	39767.46
581.05	40084.89
581.25	40015.26
581.46	40015.26
581.66	40109.47
581.86	40408.47
582.06	39726.50
582.27	39937.44
582.47	40287.64
582.67	40779.15
582.88	40258.97
583.08	40261.02
583.28	40390.04
583.48	40304.02
583.69	40504.73
583.89	40474.01
584.09	40562.07
584.30	40402.33
584.50	40162.72
584.70	40504.73
584.90	40261.02
585.11	40695.19
585.31	40664.47
585.51	40334.74
585.71	40924.56
585.92	40390.04
586.12	41233.80
586.32	41121.16
586.52	40656.28
586.73	40478.10
586.93	41180.56
587.13	40889.74
587.33	40922.51
587.54	41360.78
587.74	41325.96
587.94	41119.12
588.14	41029.01
588.35	41584.01
588.55	41344.39
588.75	41043.34
588.95	41399.69
589.16	41581.96
589.36	41516.42
589.56	42036.61
589.76	41379.21
589.96	41434.50
590.17	41489.80
590.37	41956.74
590.57	41612.68
590.77	41663.88
590.98	41469.32
591.18	41708.93
591.38	42120.57
591.58	41717.12
591.78	42046.85
591.99	41477.51
592.19	41584.01
592.39	42020.22
592.59	41735.56
592.80	42636.66
593.00	42106.24
593.20	42323.32
593.40	41799.04
593.60	41940.35
593.81	42354.04
594.01	42900.85
594.21	42716.53
594.41	42546.55
594.61	42337.66
594.82	42573.17
595.02	42513.78
595.22	42392.95
595.42	43472.23
595.62	42737.01
595.82	42628.47
596.03	43308.40
596.23	43154.80
596.43	43220.33
596.63	42915.19
596.83	43924.83
597.04	43105.65
597.24	43220.33
597.44	43107.69
597.64	43500.90
597.84	43158.89
598.04	43726.18
598.25	43316.59
598.45	43562.34
598.65	43238.76
598.85	43568.49
599.05	43920.74
599.25	43877.73
599.46	44062.05
599.66	43488.62
599.86	43431.27
600.06	44195.17
600.26	44070.24
600.46	44459.35
600.66	44440.92
600.87	44752.21
601.07	44498.26
601.27	44277.08
601.47	44647.77
601.67	44549.46
601.87	44750.17
602.07	44352.86
602.28	45051.22
602.48	45137.23
602.68	44653.91
602.88	44838.23
603.08	44612.95
603.28	45086.03
603.48	44469.59
603.69	44866.90
603.89	44985.68
604.09	45286.73
604.29	45397.32
604.49	45182.29
604.69	45215.05
604.89	45333.84
605.09	45460.81
605.29	44948.82
605.50	45686.09
605.70	45483.34
605.90	45866.31
606.10	45612.36
606.30	45327.69
606.50	45354.32
606.70	45731.14
606.90	46015.81
607.10	45690.18
607.31	45583.69
607.51	45823.30
607.71	46386.49
607.91	46398.78
608.11	45993.28
608.31	45782.34
608.51	46396.73
608.71	46202.17
608.91	46081.34
609.11	46382.40
609.31	46363.96
609.52	46490.94
609.72	46292.29
609.92	46818.61
610.12	46435.64
610.32	46927.16
610.52	47306.03
610.72	46261.57
610.92	46734.65
611.12	46456.12
611.32	46099.78
611.52	46845.24
611.72	46902.58
611.92	47043.89
612.12	47088.95
612.33	47473.96
612.53	47248.69
612.73	47193.39
612.93	47430.96
613.13	47820.07
613.33	47127.86
613.53	47852.84
613.73	47029.55
613.93	46935.35
614.13	47594.79
614.33	46572.86
614.53	47899.94
614.73	47848.74
614.93	47621.42
615.13	48194.85
615.33	47570.22
615.53	47846.69
615.73	47459.63
615.93	47955.24
616.13	47742.25
616.33	48051.49
616.53	47441.20
616.74	48223.52
616.94	48059.68
617.14	47879.46
617.34	47889.70
617.54	48174.37
617.74	48033.06
617.94	48352.54
618.14	48629.02
618.34	47570.22
618.54	48153.89
618.74	48739.61
618.94	48012.58
619.14	48479.52
619.34	48502.04
619.54	48502.04
619.74	48110.88
619.94	48002.34
620.14	48102.69
620.34	48508.19
620.54	49098.00
620.74	48102.69
620.94	49407.25
621.14	48354.59
621.34	48764.18
621.54	48151.84
621.74	47854.89
621.94	49040.66
622.14	49050.90
622.34	48545.05
622.54	48983.32
622.74	48657.69
622.94	48317.73
623.14	48366.88
623.34	48399.65
623.54	48710.94
623.74	48436.51
623.94	48413.98
624.13	48649.50
624.33	48311.58
624.53	48092.45
624.73	48672.03
624.93	48493.85
625.13	48516.38
625.33	48778.52
625.53	49179.92
625.73	48321.82
625.93	48168.22
626.13	49210.64
626.33	48069.92
626.53	48708.89
626.73	47992.10
626.93	48717.08
627.13	48444.70
627.33	48502.04
627.53	48231.71
627.73	48127.27
627.93	48567.58
628.13	48604.44
628.33	48659.74
628.52	49030.42
628.72	48887.06
628.92	49243.41
629.12	49147.15
629.32	48680.22
629.52	48448.80
629.72	48606.49
629.92	48647.45
630.12	49048.85
630.32	48067.87
630.52	48751.90
630.72	48309.53
630.92	48659.74
631.12	48901.40
631.31	48723.22
631.51	49077.52
631.71	48397.60
631.91	48805.14
632.11	48602.39
632.31	48500.00
632.51	49237.26
632.71	48856.34
632.91	48608.54
633.11	48133.41
633.31	48659.74
633.50	48762.14
633.70	48639.26
633.90	49612.04
634.10	48524.57
634.30	47965.48
634.50	49014.04
634.70	48395.55
634.90	48368.93
635.10	48547.10
635.29	48813.34
635.49	48596.25
635.69	48839.96
635.89	48577.82
636.09	48579.87
636.29	48850.20
636.49	48354.59
636.69	48913.69
636.89	48850.20
637.08	48076.07
637.28	48147.75
637.48	48796.95
637.68	48354.59
637.88	48565.53
638.08	48315.68
638.28	48475.42
638.47	48190.75
638.67	48049.44
638.87	49138.96
639.07	48553.24
639.27	48917.78
639.47	48633.11
639.67	48000.29
639.86	48936.21
640.06	48031.01
640.26	48725.27
640.46	48889.11
640.66	48637.21
640.86	48129.31
641.06	48430.36
641.25	48334.11
641.45	48870.68
641.65	48887.06
641.85	48176.42
642.05	48618.78
642.25	48491.80
642.44	48207.14
642.64	48198.94
642.84	48301.34
643.04	48342.30
643.24	48452.89
643.43	48463.13
643.63	48575.77
643.83	48862.49
644.03	48143.65
644.23	48479.52
644.43	48287.01
644.62	48618.78
644.82	48708.89
645.02	48065.83
645.22	48733.46
645.42	48856.34
645.61	47793.45
645.81	48454.94
646.01	48168.23
646.21	48633.11
646.41	48897.30
646.60	48614.68
646.80	48014.63
647.00	48370.97
647.20	48493.85
647.40	48399.65
647.59	48256.29
647.79	48469.28
647.99	48774.42
648.19	48731.42
648.39	48454.94
648.58	48612.63
648.78	48684.31
648.98	48041.25
649.18	48862.49
649.37	48356.64
649.57	48661.79
649.77	48469.28
649.97	48135.46
650.17	48649.50
650.36	48026.92
650.56	48659.74
650.76	48366.88
650.96	48573.72
651.15	49077.52
651.35	48155.94
651.55	49016.08
651.75	48299.30
651.94	48434.46
652.14	48356.64
652.34	48712.98
652.54	48743.70
652.73	48975.12
652.93	48586.01
653.13	49151.25
653.33	48346.40
653.52	48616.73
653.72	48747.80
653.92	48366.88
654.12	48594.20
654.31	48903.45
654.51	48766.23
654.71	48981.27
654.91	48909.59
655.10	48899.35
655.30	48868.63
655.50	48839.96
655.69	48614.68
655.89	48526.62
656.09	48276.77
656.29	48456.99
656.48	49409.29
656.68	48868.63
656.88	49005.84
657.08	48438.56
657.27	49155.35
657.47	48842.01
657.67	48600.35
657.86	48889.11
658.06	49067.28
658.26	48534.81
658.46	48594.20
658.65	48692.50
658.85	48645.40
659.05	48854.29
659.24	49028.37
659.44	49069.33
659.64	48678.17
659.83	48942.36
660.03	48991.51
660.23	48940.31
660.42	48805.14
660.62	48936.21
660.82	48848.15
661.02	48940.31
661.21	49210.64
661.41	49218.83
661.61	49374.48
661.80	48743.70
662.00	49360.14
662.20	49319.18
662.39	49014.04
662.59	49380.62
662.79	48993.56
662.98	48866.58
663.18	48942.36
663.38	49188.11
663.57	49421.58
663.77	49435.92
663.97	49372.43
664.16	49136.91
664.36	49634.57
664.56	49644.81
664.75	49554.70
664.95	49626.38
665.15	49106.19
665.34	49208.59
665.54	49374.48
665.73	49628.43
665.93	49943.81
666.13	49407.25
666.32	49702.15
666.52	49476.88
666.72	49089.81
666.91	49548.56
667.11	49820.94
667.31	49679.63
667.50	49868.04
667.70	49884.42
667.90	48911.64
668.09	49227.02
668.29	49882.37
668.48	49702.15
668.68	49915.14
668.88	49884.42
669.07	49194.26
669.27	50275.58
669.46	49925.38
669.66	50171.14
669.86	50294.02
670.05	49802.50
670.25	49741.06
670.45	49945.86
670.64	49847.56
670.84	50048.26
671.03	49716.49
671.23	49888.52
671.43	49583.37
671.62	50097.41
671.82	50322.69
672.01	50113.80
672.21	50062.60
672.41	49933.57
672.60	49804.55
672.80	49765.64
672.99	49974.53
673.19	50017.54
673.39	50547.96
673.58	50359.55
673.78	49661.19
673.97	49526.03
674.17	50085.12
674.36	50730.23
674.56	49986.82
674.76	49906.95
674.95	50265.34
675.15	50099.46
675.34	49992.97
675.54	49820.94
675.73	50306.30
675.93	50439.42
676.13	49868.04
676.32	49888.52
676.52	50326.78
676.71	50601.21
676.91	50271.49
677.10	50316.54
677.30	50234.63
677.49	50083.08
677.69	49927.43
677.89	50578.68
678.08	49847.56
678.28	50017.54
678.47	49802.50
678.67	50261.25
678.86	50072.84
679.06	50164.99
679.25	49792.26
679.45	49931.53
679.64	49909.00
679.84	49773.83
680.03	49923.33
680.23	50537.72
680.43	50224.39
680.62	50324.74
680.82	49458.45
681.01	50117.89
681.21	50334.98
681.40	49904.90
681.60	50210.05
681.79	49786.12
681.99	50375.94
682.18	50291.97
682.38	50228.48
682.57	50103.56
682.77	50758.91
682.96	50259.20
683.16	50279.68
683.35	50486.53
683.55	49919.24
683.74	49476.88
683.94	50382.08
684.13	50210.05
684.33	50420.99
684.52	49769.74
684.72	49954.05
684.91	49732.87
685.11	50586.88
685.30	50185.47
685.50	50183.43
685.69	50205.95
685.89	50703.61
686.08	50072.84
686.28	50107.65
686.47	50416.89
686.67	50117.89
686.86	50390.27
687.06	49966.34
687.25	50392.32
687.45	49929.48
687.64	49773.83
687.83	50093.32
688.03	49739.02
688.22	49933.57
688.42	50353.41
688.61	48852.25
688.81	50330.88
689.00	50388.22
689.20	50427.13
689.39	50140.42
689.59	49952.01
689.78	50240.77
689.98	49667.34
690.17	50177.28
690.36	49333.52
690.56	49444.11
690.75	49878.28
690.95	49550.60
691.14	49964.29
691.34	49577.23
691.53	49630.47
691.73	50289.92
691.92	49712.39
692.11	49671.43
692.31	49886.47
692.50	49761.54
692.70	49755.40
692.89	49841.42
693.09	50001.16
693.28	49671.43
693.47	49861.90
693.67	49546.51
693.86	49796.36
694.06	49603.85
694.25	49487.12
694.44	49884.42
694.64	49577.23
694.83	49288.46
695.03	49444.11
695.22	49753.35
695.42	49413.39
695.61	49892.61
695.80	49640.71
696.00	49300.75
696.19	49079.57
696.39	49261.84
696.58	49169.68
696.77	49091.86
696.97	49589.52
697.16	49112.34
697.36	49009.94
697.55	49308.94
697.74	49591.56
697.94	48684.31
698.13	49458.45
698.32	49192.21
698.52	48874.77
698.71	49011.99
698.91	49843.46
699.10	49390.86
699.29	48786.71
699.49	49267.98
699.68	48825.62
699.87	48860.44
700.07	48897.30
700.26	48706.84
700.46	48776.47
700.65	48889.11
700.84	48987.41
701.04	48999.70
701.23	49079.57
701.42	49048.85
701.62	49362.19
701.81	49349.90
702.00	48731.42
702.20	48956.69
702.39	49298.70
702.58	48954.65
702.78	48483.61
702.97	49141.01
703.16	48608.54
703.36	48850.20
703.55	49126.67
703.75	48753.94
703.94	47451.44
704.13	48964.88
704.33	49212.69
704.52	48518.43
704.71	48241.95
704.91	49161.49
705.10	49153.30
705.29	48309.53
705.48	48604.44
705.68	48020.77
705.87	48434.46
706.06	48131.36
706.26	48862.49
706.45	48260.38
706.64	48450.84
706.84	48495.90
707.03	47901.99
707.22	48084.26
707.42	49014.04
707.61	48780.57
707.80	48127.27
708.00	48321.82
708.19	47648.04
708.38	48311.58
708.57	48276.77
708.77	47869.22
708.96	48534.81
709.15	48618.78
709.35	47582.51
709.54	47566.12
709.73	48119.07
709.92	48186.66
710.12	47566.12
710.31	48497.95
710.50	47598.89
710.70	48323.87
710.89	48164.13
711.08	47807.78
711.27	47930.66
711.47	48233.76
711.66	48180.51
711.85	47865.13
712.05	48051.49
712.24	48018.72
712.43	47736.10
712.62	47492.40
712.82	47676.71
713.01	47885.61
713.20	47535.40
713.39	47922.47
713.59	47592.75
713.78	48047.39
713.97	47789.35
714.16	47461.68
714.36	47588.65
714.55	47748.39
714.74	47918.37
714.93	47779.11
715.13	47359.28
715.32	48217.38
715.51	46808.37
715.70	47031.60
715.90	47615.27
716.09	47549.74
716.28	47711.53
716.47	47963.43
716.66	47848.74
716.86	47854.89
717.05	47959.33
717.24	47660.33
717.43	47230.26
717.63	48053.54
717.82	47953.19
718.01	47598.89
718.20	47799.59
718.39	47668.52
718.59	47433.00
718.78	47684.90
718.97	47156.53
719.16	48028.96
719.36	47441.20
719.55	47191.34
719.74	47600.94
719.93	47818.02
720.12	47408.43
720.32	47320.37
720.51	46988.59
720.70	47289.65
720.89	47652.14
721.08	47019.31
721.28	46918.96
721.47	47795.49
721.66	47707.43
721.85	47643.94
722.04	47543.59
722.23	47453.48
722.43	47283.50
722.62	46671.16
722.81	47719.72
723.00	46986.55
723.19	48164.13
723.39	47138.10
723.58	47535.40
723.77	46982.45
723.96	47928.61
724.15	47400.24
724.34	47140.14
724.54	46929.20
724.73	47437.10
724.92	47217.97
725.11	47156.53
725.30	47324.46
725.49	47422.76
725.68	47164.72
725.88	47461.68
726.07	47217.97
726.26	47232.30
726.45	47693.10
726.64	47510.83
726.83	46730.55
727.03	47279.41
727.22	47093.04
727.41	47392.04
727.60	47488.30
727.79	47686.95
727.98	47412.52
728.17	47498.54
728.36	47320.37
728.56	47246.64
728.75	46939.44
728.94	47082.80
729.13	47426.86
729.32	47508.78
729.51	47390.00
729.70	47365.42
729.89	47209.78
730.09	46976.31
730.28	47199.54
730.47	47134.00
730.66	46853.43
730.85	46957.88
731.04	47263.02
731.23	46961.97
731.42	47197.49
731.61	47306.03
731.81	47119.66
732.00	46986.55
732.19	47519.02
732.38	47412.52
732.57	47285.55
732.76	47394.09
732.95	47000.88
733.14	47566.12
733.33	46896.44
733.52	46970.16
733.71	47324.46
733.91	46787.89
734.10	47531.31
734.29	47322.41
734.48	47064.37
734.67	46775.61
734.86	47433.00
735.05	46572.86
735.24	47527.21
735.43	47250.74
735.62	46822.71
735.81	47531.31
736.00	46982.45
736.19	47058.23
736.39	46830.90
736.58	47230.26
736.77	47525.16
736.96	46712.12
737.15	47134.00
737.34	47584.55
737.53	46984.50
737.72	47545.64
737.91	47525.16
738.10	47342.89
738.29	47422.76
738.48	47621.42
738.67	47521.07
738.86	47324.46
739.05	47062.32
739.24	46986.55
739.43	47238.45
739.62	47140.14
739.81	47125.81
740.00	47492.40
740.19	47115.57
740.38	46984.50
740.57	46916.92
740.76	47312.17
740.96	47430.96
741.15	47308.08
741.34	47654.18
741.53	47113.52
741.72	47492.40
741.91	47207.73
742.10	47193.39
742.29	47330.61
742.48	47258.93
742.67	47385.90
742.86	47299.89
743.05	47082.80
743.24	46925.11
743.43	47684.90
743.62	47209.78
743.81	47461.68
744.00	47119.66
744.19	47381.80
744.38	46951.73
744.57	47703.34
744.76	47312.17
744.95	46984.50
745.14	47729.96
745.33	47400.24
745.52	47090.99
745.71	47076.66
745.90	47732.01
746.09	47074.61
746.27	47070.51
746.46	47019.31
746.65	47340.85
746.84	47250.74
747.03	46918.96
747.22	47785.25
747.41	47113.52
747.60	47033.65
747.79	47025.46
747.98	47086.90
748.17	47269.17
748.36	47275.31
748.55	47314.22
748.74	46986.55
748.93	47312.17
749.12	47177.01
749.31	46781.75
749.50	46816.57
749.69	46746.93
749.88	47068.47
750.07	46648.63
750.26	46572.86
750.45	47052.08
750.64	47277.36
750.82	46832.95
751.01	47342.89
751.20	46705.98
751.39	46718.26
751.58	47160.62
751.77	46865.72
751.96	46830.90
752.15	47097.14
752.34	47533.35
752.53	47142.19
752.72	47447.34
752.91	47301.93
753.10	46853.43
753.28	46986.55
753.47	47211.82
753.66	47072.56
753.85	46574.91
754.04	47146.29
754.23	46687.54
754.42	46972.21
754.61	46914.87
754.80	46609.72
754.99	47111.47
755.18	46689.59
755.36	46431.55
755.55	47109.43
755.74	46660.92
755.93	46509.37
756.12	46533.95
756.31	46548.28
756.50	47172.91
756.69	46935.35
756.88	46341.44
757.06	46146.88
757.25	46777.65
757.44	46982.45
757.63	46357.82
757.82	46464.31
758.01	46681.40
758.20	46869.81
758.39	46644.54
758.57	46873.91
758.76	46896.44
758.95	46740.79
759.14	46177.60
759.33	46398.78
759.52	46132.54
759.71	45847.88
759.90	46042.43
760.08	46282.05
760.27	46396.73
760.46	46413.12
760.65	46972.21
760.84	45888.84
761.03	46189.89
761.21	46071.10
761.40	46026.05
761.59	45825.35
761.78	46028.10
761.97	45907.27
762.16	46310.72
762.35	46386.49
762.53	46064.96
762.72	45931.84
762.91	45946.18
763.10	45669.70
763.29	46261.57
763.48	45751.62
763.66	45933.89
763.85	46067.01
764.04	45727.05
764.23	45647.18
764.42	45372.75
764.60	45192.53
764.79	46132.54
764.98	45878.60
765.17	45514.06
765.36	45397.32
765.54	45413.71
765.73	45579.59
765.92	45729.09
766.11	45403.47
766.30	45712.71
766.49	46112.06
766.67	45720.90
766.86	45806.92
767.05	45692.23
767.24	44827.99
767.42	45067.60
767.61	45309.26
767.80	45389.13
767.99	45204.81
768.18	44983.63
768.36	45155.66
768.55	45456.71
768.74	44938.58
768.93	45346.12
769.12	44643.67
769.30	45385.04
769.49	44995.92
769.68	45008.21
769.87	45274.45
770.05	45362.51
770.24	44524.89
770.43	44979.54
770.62	44909.91
770.80	44678.49
770.99	44584.28
771.18	44518.74
771.37	44682.58
771.55	44680.53
771.74	44653.91
771.93	43930.98
772.12	43988.32
772.30	44348.76
772.49	43830.63
772.68	44344.67
772.87	44277.08
773.05	44682.58
773.24	43769.19
773.43	44272.99
773.62	44445.02
773.80	44502.36
773.99	44025.18
774.18	43681.13
774.37	44033.38
774.55	43963.75
774.74	43670.89
774.93	43908.45
775.11	44189.02
775.30	43371.88
775.49	43957.60
775.68	43484.52
775.86	43832.68
776.05	43552.10
776.24	43492.71
776.43	43871.59
776.61	43640.17
776.80	43228.52
776.99	43883.87
777.17	43132.27
777.36	42972.53
777.55	43347.31
777.73	43228.52
777.92	43472.23
778.11	43244.91
778.30	43087.21
778.48	43220.33
778.67	42988.91
778.86	42958.19
779.04	43226.48
779.23	42665.33
779.42	42124.67
779.60	43220.33
779.79	42894.71
779.98	42804.59
780.16	42378.62
780.35	42173.82
780.54	42499.45
780.72	42462.58
780.91	42229.12
781.10	42102.14
781.28	41962.88
781.47	41764.23
781.66	42401.15
781.84	42130.81
782.03	41424.26
782.22	42239.36
782.40	41665.92
782.59	42216.83
782.78	41864.58
782.96	41979.26
783.15	41635.20
783.34	41647.49
783.52	41434.50
783.71	42120.57
783.90	41635.20
784.08	40924.56
784.27	41467.27
784.46	40795.54
784.64	41600.39
784.83	41018.77
785.01	41448.84
785.20	42014.08
785.39	41086.35
785.57	41395.59
785.76	40719.76
785.95	41119.12
786.13	41008.53
786.32	40592.79
786.50	40224.15
786.69	40457.62
786.88	40414.62
787.06	39605.67
787.25	40842.64
787.44	40869.26
787.62	40314.26
787.81	40273.31
787.99	40066.46
788.18	40514.97
788.37	40295.83
788.55	39943.58
788.74	39984.54
788.92	39593.38
789.11	39746.98
789.30	40215.96
789.48	39490.98
789.67	39411.11
789.85	39720.35
790.04	39323.05
790.22	39566.76
790.41	39267.75
790.60	39091.63
790.78	39392.68
790.97	38776.24
791.15	39497.13
791.34	38671.79
791.53	38581.68
791.71	38751.66
791.90	39011.76
792.08	38415.80
792.27	38260.15
792.45	38843.82
792.64	38211.00
792.83	38708.66
793.01	38274.49
793.20	38297.02
793.38	37889.47
793.57	38159.80
793.75	38270.39
793.94	37688.77
794.12	37694.91
794.31	37656.00
794.50	37522.88
794.68	37189.06
794.87	37520.84
795.05	37436.87
795.24	37078.47
795.42	37078.47
795.61	36947.40
795.79	37070.28
795.98	36851.15
796.16	36963.79
796.35	37146.06
796.53	36910.54
796.72	36994.51
796.90	36539.86
797.09	36750.80
797.28	36781.52
797.46	36201.94
797.65	36595.15
797.83	36396.50
798.02	36974.03
798.20	36017.63
798.39	36083.16
798.57	36396.50
798.76	36081.11
798.94	36414.93
799.13	35767.77
799.31	36820.43
799.50	35980.76
799.68	36181.46
799.87	36263.38
800.05	36019.67
800.24	36482.52
800.42	36267.48
800.61	36406.74
800.79	35796.45
800.98	36267.48
801.16	35769.82
801.35	36769.23
801.53	35786.21
801.72	35915.23
801.90	36044.25
802.08	36224.47
802.27	36441.56
802.45	35794.40
802.64	35718.62
802.82	36158.94
803.01	36001.24
803.19	36249.05
803.38	35958.24
803.56	36021.72
803.75	35786.21
803.93	36031.96
804.12	36031.96
804.30	36369.88
804.49	35948.00
804.67	36742.61
804.85	35843.55
805.04	36220.38
805.22	36031.96
805.41	36595.15
805.59	35968.48
805.78	36066.78
805.96	35927.52
806.15	36316.63
806.33	36761.04
806.51	36027.87
806.70	36476.37
806.88	36552.15
807.07	36419.03
807.25	36351.45
807.44	36443.60
807.62	36146.65
807.80	36494.80
807.99	36077.02
808.17	36437.46
808.36	36697.55
808.54	36048.35
808.73	36138.46
808.91	36328.92
809.09	36457.94
809.28	36259.29
809.46	36834.77
809.65	36337.11
809.83	36371.92
810.01	36982.22
810.20	36257.24
810.38	36580.82
810.57	36724.18
810.75	36597.20
810.93	36677.07
811.12	36914.64
811.30	36406.74
811.49	36648.40
811.67	36541.91
811.85	36273.62
812.04	36867.53
812.22	36693.46
812.41	36498.90
812.59	36077.02
812.77	36117.98
812.96	36302.29
813.14	36593.11
813.32	36623.83
813.51	36531.67
813.69	36337.11
813.88	36345.30
814.06	36578.77
814.24	36482.52
814.43	36388.31
814.61	36431.32
814.79	36885.97
814.98	36425.17
815.16	36189.66
815.34	36427.22
815.53	36472.28
815.71	36208.09
815.89	36441.56
816.08	36046.30
816.26	36132.31
816.45	36480.47
816.63	36171.22
816.81	35886.56
817.00	36109.78
817.18	36386.26
817.36	36537.81
817.55	35763.68
817.73	36457.94
817.91	36169.18
818.10	36122.07
818.28	36165.08
818.46	36062.68
818.65	35788.25
818.83	35831.26
819.01	35919.32
819.19	35868.12
819.38	35941.85
819.56	35810.78
819.74	36097.50
819.93	36031.96
820.11	35042.79
820.29	35575.27
820.48	35673.57
820.66	35702.24
820.84	35616.22
821.03	35780.06
821.21	35192.30
821.39	35745.25
821.57	35536.35
821.76	35628.51
821.94	35614.18
822.12	35397.09
822.31	35876.32
822.49	35108.33
822.67	35212.77
822.85	35442.15
823.04	35091.94
823.22	35753.44
823.40	35622.37
823.59	35538.40
823.77	35571.17
823.95	35354.08
824.13	35358.18
824.32	35153.38
824.50	34960.87
824.68	35237.35
824.87	35093.99
825.05	34889.20
825.23	35206.63
825.41	35175.91
825.60	34663.92
825.78	35100.14
825.96	35247.59
826.14	34504.18
826.33	34686.45
826.51	34600.43
826.69	34930.16
826.87	34207.22
827.06	34358.77
827.24	34737.65
827.42	34125.30
827.60	34536.94
827.79	34174.45
827.97	34221.56
828.15	34766.32
828.33	35116.52
828.51	34446.83
828.70	34303.48
828.88	34475.51
829.06	34188.79
829.24	34371.06
829.43	34094.58
829.61	33895.93
829.79	33975.80
829.97	34473.46
830.15	34162.17
830.34	34119.16
830.52	34346.48
830.70	33558.02
830.88	34287.09
831.06	33693.18
831.25	34031.10
831.43	33850.88
831.61	33504.77
831.79	33205.77
831.98	33922.55
832.16	33988.09
832.34	33615.36
832.52	33433.09
832.70	33771.00
832.88	33205.77
833.07	33326.60
833.25	33771.00
833.43	33173.00
833.61	33256.96
833.79	33385.99
833.98	32927.24
834.16	33248.77
834.34	33025.54
834.52	32955.91
834.70	33074.70
834.88	33129.99
835.07	33289.73
835.25	32783.88
835.43	32738.83
835.61	33252.87
835.79	32798.22
835.97	33426.95
836.16	33029.64
836.34	32753.16
836.52	32951.82
836.70	32605.71
836.88	32816.65
837.06	32636.43
837.24	32738.83
837.43	32697.87
837.61	32781.84
837.79	32179.73
837.97	32687.63
838.15	32761.36
838.33	32355.86
838.51	32435.73
838.70	32192.02
838.88	32275.99
839.06	31995.42
839.24	32206.36
839.42	32230.93
839.60	32415.25
839.78	32304.66
839.96	31782.43
840.15	32142.87
840.33	31561.25
840.51	31817.24
840.69	32106.01
840.87	32017.94
841.05	31776.28
841.23	32116.25
841.41	31778.33
841.59	31542.81
841.78	31604.25
841.96	31487.52
842.14	31829.53
842.32	31663.64
842.50	31671.84
842.68	31718.94
842.86	31426.08
843.04	31389.22
843.22	31528.48
843.40	31569.44
843.59	31170.08
843.77	31471.14
843.95	31442.46
844.13	31376.93
844.31	31544.86
844.49	31221.28
844.67	31522.34
844.85	31473.18
845.03	31479.33
845.21	31071.78
845.39	30961.19
845.57	31063.59
845.75	31004.20
845.94	30950.95
846.12	30981.67
846.30	30709.29
846.48	30797.35
846.66	30707.24
846.84	30918.18
847.02	31012.39
847.20	30299.70
847.38	30717.48
847.56	30838.31
847.74	30418.48
847.92	30250.55
848.10	30690.86
848.28	30232.11
848.46	30311.99
848.64	30010.93
848.82	30447.15
849.00	29754.94
849.18	30330.42
849.36	30125.62
849.54	29648.44
849.72	29818.42
849.90	30029.37
850.08	29894.20
850.27	29865.53
850.45	30010.93
850.63	29976.12
850.81	29773.37
850.99	29947.45
851.17	29734.46
851.35	29457.98
851.53	29711.93
851.71	29812.28
851.89	29369.92
852.07	29599.29
852.25	29607.48
852.43	29679.16
852.61	29558.33
852.79	29621.82
852.97	29322.82
853.15	29480.51
853.33	29298.24
853.51	29388.35
853.69	29027.91
853.87	28933.70
854.05	29412.93
854.23	29333.06
854.41	29034.05
854.59	29128.26
854.76	29175.36
854.94	28999.24
855.12	29322.82
855.30	29068.87
855.48	29349.44
855.66	28520.01
855.84	28620.36
856.02	29032.00
856.20	28599.88
856.38	28739.15
856.56	28456.53
856.74	28397.13
856.92	28802.63
857.10	28434.00
857.28	28878.41
857.46	28626.51
857.64	28534.35
857.82	28489.29
858.00	28155.47
858.18	28128.85
858.36	28083.80
858.54	27971.16
858.72	28046.93
858.89	27772.50
859.07	27942.49
859.25	28184.15
859.43	27940.44
859.61	28114.52
859.79	28008.02
859.97	27758.17
860.15	27672.15
860.33	27569.76
860.51	27778.65
860.69	27467.36
860.87	27516.51
861.05	27647.58
861.23	27401.82
861.40	27514.46
861.58	27639.39
861.76	27506.27
861.94	27493.98
862.12	27174.50
862.30	26848.87
862.48	27311.71
862.66	27520.60
862.84	26705.51
863.02	26934.88
863.19	27004.52
863.37	26648.17
863.55	26807.91
863.73	26590.83
863.91	26527.34
864.09	26723.94
864.27	26709.61
864.45	26289.77
864.63	26252.91
864.80	26523.24
864.98	26156.66
865.16	26093.17
865.34	25964.15
865.52	26300.01
865.70	26207.86
865.88	26322.54
866.06	26054.26
866.23	26326.64
866.41	25923.19
866.59	25978.48
866.77	25966.20
866.95	25566.84
867.13	25450.11
867.31	25097.86
867.48	25210.50
867.66	24868.48
867.84	25503.35
868.02	25175.68
868.20	24946.31
868.38	25292.41
868.55	25278.08
868.73	24790.66
868.91	24876.68
869.09	24946.31
869.27	24905.35
869.45	24835.72
869.62	24936.07
869.80	24731.27
869.98	24948.36
870.16	25013.89
870.34	24391.31
870.52	24708.74
870.69	24364.68
870.87	24520.33
871.05	24346.25
871.23	24422.03
871.41	24204.94
871.58	24284.81
871.76	24032.91
871.94	24489.61
872.12	24508.04
872.30	24106.64
872.48	24149.65
872.65	23979.67
872.83	24344.20
873.01	23946.90
873.19	24114.83
873.37	23996.05
873.54	24352.40
873.72	23832.21
873.90	23953.04
874.08	24088.21
874.25	23905.94
874.43	23879.32
874.61	24110.74
874.79	24184.46
874.97	24077.97
875.14	23783.06
875.32	23533.21
875.50	24186.51
875.68	24006.29
875.85	23658.14
876.03	24327.82
876.21	23795.35
876.39	23627.42
876.56	23869.08
876.74	23113.38
876.92	23740.05
877.10	23811.73
877.28	23752.34
877.45	23971.47
877.63	23510.68
877.81	24051.34
877.99	23793.30
878.16	23658.14
878.34	23588.50
878.52	23852.69
878.69	23590.55
878.87	24235.66
879.05	23787.16
879.23	23568.02
879.40	23244.45
879.58	23549.59
879.76	23643.80
879.94	23680.66
880.11	23725.72
880.29	23934.61
880.47	23740.05
880.65	23914.13
880.82	23613.08
881.00	24084.11
881.18	23260.83
881.35	23944.85
881.53	23733.91
881.71	24450.70
881.89	23918.23
882.06	23291.55
882.24	24018.58
882.42	23856.79
882.59	23543.45
882.77	23918.23
882.95	24028.82
883.12	23893.65
883.30	23809.68
883.48	23973.52
883.65	24028.82
883.83	23895.70
884.01	23893.65
884.19	23912.08
884.36	24174.22
884.54	24137.36
884.72	23733.91
884.89	23801.49
885.07	24331.92
885.25	24069.78
885.42	23647.90
885.60	24280.72
885.78	24194.70
885.95	24020.63
886.13	23885.46
886.31	23965.33
886.48	24000.15
886.66	24188.56
886.84	24309.39
887.01	23836.31
887.19	24018.58
887.37	24260.24
887.54	24315.53
887.72	24155.79
887.90	24301.20
888.07	24037.01
888.25	24381.07
888.42	23912.08
888.60	23996.05
888.78	24030.87
888.95	23998.10
889.13	24520.33
889.31	24399.50
889.48	23815.83
889.66	24276.62
889.84	24333.96
890.01	24641.16
890.19	24102.54
890.36	24090.26
890.54	24215.18
890.72	24299.15
890.89	24139.41
891.07	24174.22
891.24	24247.95
891.42	24047.25
891.60	24262.29
891.77	24264.33
891.95	23649.94
892.13	24467.08
892.30	24716.93
892.48	24237.71
892.65	24026.77
892.83	24073.87
893.01	24260.24
893.18	24348.30
893.36	24391.31
893.53	24665.74
893.71	24639.11
893.88	24041.11
894.06	24104.59
894.24	24739.46
894.41	24043.15
894.59	24385.16
894.76	24301.20
894.94	24323.72
895.12	24481.42
895.29	24434.32
895.47	24479.37
895.64	23856.79
895.82	24350.35
895.99	24596.10
896.17	24024.72
896.34	23987.86
896.52	24491.66
896.70	24350.35
896.87	24499.85
897.05	24313.48
897.22	23867.03
897.40	24184.46
897.57	24149.65
897.75	24270.48
897.92	24209.04
898.10	24149.65
898.28	24184.46
898.45	24094.35
898.63	24266.38
898.80	23633.56
898.98	24227.47
899.15	24204.94
899.33	24311.44
899.50	24241.81
899.68	23809.68
899.85	23781.01
900.03	24073.87
900.20	23871.12
900.38	23840.40
900.55	24018.58
900.73	23836.31
900.90	23928.47
901.08	23969.43
901.25	24135.31
901.43	23735.96
901.60	23764.63
901.78	23760.53
901.95	24069.78
902.13	24055.44
902.30	23819.92
902.48	23684.76
902.65	23619.22
902.83	23791.25
903.00	23699.09
903.18	23805.59
903.35	23543.45
903.53	23383.71
903.70	23723.67
903.88	23375.52
904.05	23918.23
904.23	23434.91
904.40	23457.43
904.58	23594.65
904.75	23131.81
904.93	23082.66
905.10	23223.97
905.28	23305.88
905.45	23383.71
905.63	23324.32
905.80	23504.54
905.98	23565.98
906.15	23133.86
906.32	22587.05
906.50	23420.57
906.67	22875.81
906.85	22795.94
907.02	22933.15
907.20	23234.21
907.37	22908.58
907.55	22740.64
907.72	23193.25
907.89	22869.67
908.07	23053.98
908.24	23111.33
908.42	22687.40
908.59	22709.93
908.77	23164.57
908.94	22884.00
909.12	23156.38
909.29	22687.40
909.46	22498.98
909.64	22314.67
909.81	22595.24
909.99	22443.69
910.16	22367.91
910.33	22580.90
910.51	22453.93
910.68	22007.47
910.86	22077.10
911.03	22142.64
911.21	22126.25
911.38	21907.12
911.55	22146.73
911.73	22156.97
911.90	22085.30
912.08	21868.21
912.25	21905.07
912.42	22415.02
912.60	21454.52
912.77	21497.53
912.95	22079.15
913.12	21743.28
913.29	21577.40
913.47	21440.18
913.64	21774.00
913.81	21802.68
913.99	21315.26
914.16	21632.69
914.34	21497.53
914.51	21051.07
914.68	21319.35
914.86	21247.68
915.03	21212.86
915.20	21200.57
915.38	21190.33
915.55	20983.49
915.72	20926.14
915.90	20963.01
916.07	20987.58
916.25	20819.65
916.42	20563.65
916.59	20754.12
916.77	20563.65
916.94	21157.57
917.11	20686.53
917.29	20586.18
917.46	20629.19
917.63	20321.99
917.81	20467.40
917.98	20246.22
918.15	20324.04
918.33	20225.74
918.50	20381.39
918.67	20491.98
918.85	20274.89
919.02	20397.77
919.19	20127.44
919.37	20135.63
919.54	20137.68
919.71	19979.98
919.89	19949.26
920.06	19869.39
920.23	20068.05
920.40	19693.27
920.58	19637.97
920.75	19703.51
920.92	19857.10
921.10	19267.29
921.27	19486.42
921.44	19451.61
921.62	19732.18
921.79	19611.35
921.96	19220.19
922.13	19211.99
922.31	19398.36
922.48	19373.78
922.65	19424.98
922.83	19044.06
923.00	18861.79
923.17	19005.15
923.34	19476.18
923.52	18810.59
923.69	19074.78
923.86	19082.97
924.04	19029.73
924.21	18794.21
924.38	18474.73
924.55	18824.93
924.73	18919.14
924.90	18429.67
925.07	18736.87
925.24	18568.93
925.42	18669.28
925.59	18415.34
925.76	18214.63
925.93	18310.89
926.11	18351.85
926.28	18032.36
926.45	17829.62
926.62	18298.60
926.80	17889.01
926.97	18120.43
927.14	17889.01
927.31	17774.32
927.49	17874.67
927.66	17719.03
927.83	17649.39
928.00	18120.43
928.18	17444.60
928.35	17569.52
928.52	17727.22
928.69	17905.39
928.86	17800.94
929.04	17401.59
929.21	17297.14
929.38	17614.58
929.55	17450.74
929.73	17379.06
929.90	17518.32
930.07	17012.48
930.24	17229.56
930.41	17008.38
930.59	17182.46
930.76	17194.75
930.93	16983.80
931.10	16822.02
931.27	16860.93
931.45	16672.51
931.62	16951.04
931.79	16918.27
931.96	16756.48
932.13	16531.20
932.30	16396.04
932.48	16527.11
932.65	16639.75
932.82	16582.40
932.99	16541.44
933.16	16445.19
933.34	16260.87
933.51	16430.85
933.68	16361.22
933.85	16432.90
934.02	16193.29
934.19	16019.21
934.37	16092.94
934.54	15886.09
934.71	16267.02
934.88	15750.93
935.05	15761.17
935.22	15703.82
935.39	15791.89
935.57	15912.72
935.74	15802.13
935.91	15761.17
936.08	15865.61
936.25	15914.77
936.42	15509.27
936.59	15535.89
936.77	15408.92
936.94	15460.12
937.11	15468.31
937.28	15316.76
937.45	15324.95
937.62	15355.67
937.79	15351.57
937.96	15195.93
938.14	15064.86
938.31	14810.91
938.48	15402.77
938.65	14884.64
938.82	14970.65
938.99	14978.84
939.16	15367.96
939.33	14970.65
939.50	14872.35
939.68	14982.94
939.85	14987.04
940.02	14821.15
940.19	14815.01
940.36	14563.11
940.53	14858.01
940.70	14728.99
940.87	14520.10
941.04	14255.91
941.21	14540.58
941.39	14569.25
941.56	14188.33
941.73	14229.29
941.90	14436.13
942.07	14442.28
942.24	14386.98
942.41	14386.98
942.58	14223.14
942.75	14112.55
942.92	14036.78
943.09	14118.70
943.26	13911.85
943.43	14102.31
943.60	13948.72
943.78	14077.74
943.95	13881.13
944.12	13756.21
944.29	13905.71
944.46	13487.92
944.63	13655.86
944.80	13477.68
944.97	13520.69
945.14	13657.90
945.31	13492.02
945.48	13635.38
945.65	13332.28
945.82	13424.44
945.99	13244.21
946.16	13268.79
946.33	13336.37
946.50	13281.08
946.67	13014.84
946.84	12990.27
947.01	13082.42
947.18	13199.16
947.35	13111.10
947.52	12803.90
947.69	12930.87
947.86	12877.63
948.03	12703.55
948.20	12592.96
948.37	12764.99
948.54	12504.90
948.71	12478.27
948.88	12558.14
949.05	12478.27
949.22	12597.06
949.39	12476.23
949.56	12222.28
949.73	12519.23
949.90	12539.71
950.07	12676.93
950.24	12128.07
950.41	12314.44
950.58	12451.65
950.75	12177.22
950.92	12232.52
951.09	12205.89
951.26	11974.47
951.43	12060.49
951.60	12099.40
951.77	11968.33
951.94	12052.30
952.11	12119.88
952.28	12179.27
952.45	11949.90
952.62	12009.29
952.79	11999.05
952.96	11704.14
953.13	11919.18
953.30	11669.33
953.47	11792.20
953.64	11700.05
953.81	11536.21
953.98	11562.83
954.15	11675.47
954.32	11749.20
954.49	11448.15
954.65	11423.57
954.82	11421.52
954.99	11476.82
955.16	11259.73
955.33	11241.30
955.50	11056.98
955.67	11546.45
955.84	11349.84
956.01	11335.51
956.18	11011.93
956.35	11128.66
956.52	11327.32
956.69	11161.43
956.86	10921.82
957.02	10989.40
957.19	11028.31
957.36	11028.31
957.53	10825.56
957.70	10737.50
957.87	10737.50
958.04	10823.51
958.21	10600.29
958.38	10725.21
958.55	10784.60
958.71	10585.95
958.88	10737.50
959.05	10514.27
959.22	10717.02
959.39	10882.91
959.56	10569.57
959.73	10532.70
959.90	10747.74
960.07	10317.67
960.23	10256.23
960.40	10403.68
960.57	10436.45
960.74	10311.52
960.91	10493.79
961.08	10248.04
961.25	10299.23
961.42	10391.39
961.58	10219.36
961.75	10202.98
961.92	10270.56
962.09	10098.53
962.26	10026.86
962.43	9920.36
962.60	9963.37
962.76	9860.97
962.93	10051.43
963.10	9828.20
963.27	9895.78
963.44	9721.71
963.61	9490.29
963.77	9725.80
963.94	9705.32
964.11	9625.45
964.28	9723.76
964.45	9795.43
964.62	9662.32
964.78	9508.72
964.95	9893.74
965.12	9584.49
965.29	9551.73
965.46	9334.64
965.63	9338.74
965.79	9375.60
965.96	9744.24
966.13	9357.17
966.30	9168.76
966.47	9271.15
966.63	9365.36
966.80	9320.31
966.97	9205.62
967.14	9375.60
967.31	9279.35
967.47	8925.05
967.64	9154.42
967.81	9045.88
967.98	9179.00
968.15	8970.10
968.31	9017.21
968.48	9097.08
968.65	8927.10
968.82	8902.52
968.99	8710.01
969.15	8834.94
969.32	8730.49
969.49	8894.33
969.66	8650.62
969.82	8540.03
969.99	8578.94
970.16	8646.52
970.33	8834.94
970.49	8587.13
970.66	8773.50
970.83	8382.34
971.00	8662.91
971.17	8492.93
971.33	8503.17
971.50	8468.35
971.67	8316.80
971.84	8513.41
972.00	8464.25
972.17	8267.65
972.34	8411.01
972.50	8120.20
972.67	8025.99
972.84	8200.07
973.01	8091.52
973.17	8292.23
973.34	8050.57
973.51	8034.18
973.68	7976.84
973.84	7862.15
974.01	8001.41
974.18	8267.65
974.35	8025.99
974.51	7808.90
974.68	7921.54
974.85	7804.81
975.01	7774.09
975.18	7563.15
975.35	8042.37
975.52	7739.27
975.68	7743.37
975.85	7862.15
976.02	7716.75
976.18	7774.09
976.35	7575.44
976.52	7497.61
976.68	7673.74
976.85	7677.83
977.02	7704.46
977.18	7415.69
977.35	7606.16
977.52	7483.28
977.69	7358.35
977.85	7378.83
978.02	7454.61
978.19	7296.91
978.35	7296.91
978.52	7292.82
978.69	7352.21
978.85	7274.38
979.02	7284.62
979.19	7362.45
979.35	7214.99
979.52	7006.10
979.69	7085.97
979.85	7151.51
980.02	7042.96
980.19	7159.70
980.35	6891.41
980.52	7092.12
980.68	7098.26
980.85	6860.70
981.02	7036.82
981.18	6776.73
981.35	6793.11
981.52	6764.44
981.68	6821.78
981.85	6864.79
982.02	6928.28
982.18	6664.09
982.35	6621.08
982.51	6672.28
982.68	6770.58
982.85	6791.06
983.01	6526.88
983.18	6547.36
983.35	6594.46
983.51	6516.64
983.68	6543.26
983.84	6526.88
984.01	6475.68
984.18	6346.66
984.34	6412.19
984.51	6444.96
984.67	6305.70
984.84	6426.53
985.01	6178.72
985.17	6369.18
985.34	6311.84
985.50	6270.88
985.67	6100.90
985.84	6238.11
986.00	6328.22
986.17	6117.28
986.33	6221.73
986.50	6150.05
986.67	6090.66
986.83	6049.70
987.00	6152.10
987.16	6135.71
987.33	5994.40
987.49	6199.20
987.66	5971.88
987.83	5922.73
987.99	6031.27
988.16	5996.45
988.32	5781.42
988.49	5830.57
988.65	5883.81
988.82	5742.50
988.98	5887.91
989.15	5738.41
989.32	5816.23
989.48	5613.48
989.65	5519.28
989.81	5709.74
989.98	5697.45
990.14	5425.07
990.31	5558.19
990.47	5699.50
990.64	5633.96
990.80	5615.53
990.97	5509.04
991.13	5513.13
991.30	5474.22
991.47	5541.80
991.63	5580.71
991.80	5322.67
991.96	5496.75
992.13	5420.97
992.29	5363.63
992.46	5574.57
992.62	5533.61
992.79	5224.37
992.95	5304.24
993.12	5412.78
993.28	4988.85
993.45	5085.11
993.61	5068.72
993.78	5240.75
993.94	5181.36
994.11	5322.67
994.27	5318.57
994.44	5068.72
994.60	5154.74
994.77	4978.61
994.93	5160.88
995.10	4898.74
995.26	4894.65
995.43	5056.43
995.59	5023.67
995.76	4890.55
995.92	4970.42
996.08	5007.28
996.25	4835.25
996.41	4812.73
996.58	4792.25
996.74	4859.83
996.91	4865.97
997.07	4757.43
997.24	4857.78
997.40	4648.89
997.57	4767.67
997.73	4556.73
997.90	4788.15
998.06	4620.22
998.22	4521.92
998.39	4632.51
998.55	4630.46
998.72	4515.77
998.88	4503.48
999.05	4511.68
999.21	4571.07
999.37	4573.11
999.54	4595.64
999.70	4349.89
999.87	4446.14
1000.03	4405.18
1000.20	4495.29
1000.36	4407.23
1000.52	4210.62
1000.69	4390.84
1000.85	4384.70
1001.02	4124.61
1001.18	4423.61
1001.35	4341.69
1001.51	4239.30
1001.67	4054.98
1001.84	4186.05
1002.00	4325.31
1002.17	4249.54
1002.33	4192.19
1002.49	4036.55
1002.66	3923.91
1002.82	4140.99
1002.99	4073.41
1003.15	3952.58
1003.31	3878.85
1003.48	4122.56
1003.64	4085.70
1003.80	3891.14
1003.97	3833.80
1004.13	3934.15
1004.30	3889.09
1004.46	4048.83
1004.62	3807.17
1004.79	3928.00
1004.95	3893.19
1005.11	3909.57
1005.28	3790.79
1005.44	3690.44
1005.60	3727.30
1005.77	3712.97
1005.93	3690.44
1006.10	3772.36
1006.26	3704.78
1006.42	3715.02
1006.59	3665.86
1006.75	3690.44
1006.91	3524.55
1007.08	3626.95
1007.24	3622.86
1007.40	3569.61
1007.57	3694.54
1007.73	3577.80
1007.89	3659.72
1008.06	3563.47
1008.22	3426.25
1008.38	3461.07
1008.55	3569.61
1008.71	3610.57
1008.87	3383.24
1009.04	3506.12
1009.20	3295.18
1009.36	3489.74
1009.53	3217.36
1009.69	3342.28
1009.85	3327.95
1010.01	3477.45
1010.18	3555.27
1010.34	3295.18
1010.50	3235.79
1010.67	3334.09
1010.83	3209.17
1010.99	3252.17
1011.16	3053.52
1011.32	3205.07
1011.48	3151.82
1011.64	3147.73
1011.81	3117.01
1011.97	3211.21
1012.13	3190.74
1012.30	3117.01
1012.46	3237.84
1012.62	2963.41
1012.78	3018.71
1012.95	3098.58
1013.11	3028.95
1013.27	3084.24
1013.43	3000.27
1013.60	2971.60
1013.76	3051.47
1013.92	2938.84
1014.09	3004.37
1014.25	2818.00
1014.41	2916.31
1014.57	2828.24
1014.74	2873.30
1014.90	2852.82
1015.06	2752.47
1015.22	2742.23
1015.39	2779.09
1015.55	2707.41
1015.71	2750.42
1015.87	2748.37
1016.03	2701.27
1016.20	2781.14
1016.36	2666.46
1016.52	2758.61
1016.68	2754.52
1016.85	2723.80
1017.01	2930.64
1017.17	2652.12
1017.33	2625.50
1017.50	2664.41
1017.66	2537.43
1017.82	2738.13
1017.98	2701.27
1018.14	2664.41
1018.31	2701.27
1018.47	2566.10
1018.63	2455.51
1018.79	2717.65
1018.95	2557.91
1019.12	2688.98
1019.28	2351.07
1019.44	2531.29
1019.60	2365.40
1019.76	2314.20
1019.93	2416.60
1020.09	2445.27
1020.25	2488.28
1020.41	2418.65
1020.57	2375.64
1020.73	2289.63
1020.90	2250.72
1021.06	2273.25
1021.22	2359.26
1021.38	2222.05
1021.54	2389.98
1021.71	2351.07
1021.87	2265.05
1022.03	2244.57
1022.19	2308.06
1022.35	2326.49
1022.51	2209.76
1022.67	2101.22
1022.84	2070.50
1023.00	2152.42
1023.16	2115.55
1023.32	2148.32
1023.48	2277.34
1023.64	2179.04
1023.81	2230.24
1023.97	2195.42
1024.13	1968.10
1024.29	2039.78
1024.45	2142.18
1024.61	2140.13
1024.77	2103.26
1024.93	2125.79
1025.10	2111.46
1025.26	2025.44
1025.42	2027.49
1025.58	2103.26
1025.74	2097.12
1025.90	1970.15
1026.06	1947.62
1026.22	1925.09
1026.39	2056.16
1026.55	1894.37
1026.71	1929.19
1026.87	1869.80
1027.03	1884.13
1027.19	1953.76
1027.35	1929.19
1027.51	2041.82
1027.67	2011.11
1027.83	1865.70
1028.00	1822.69
1028.16	1794.02
1028.32	1908.71
1028.48	1880.04
1028.64	1777.64
1028.80	1693.67
1028.96	1787.88
1029.12	1781.73
1029.28	1751.01
1029.44	1669.09
1029.60	1822.69
1029.76	1783.78
1029.92	1759.21
1030.09	1550.31
1030.25	1593.32
1030.41	1753.06
1030.57	1720.29
1030.73	1529.83
1030.89	1708.01
1031.05	1705.96
1031.21	1644.52
1031.37	1736.68
1031.53	1665.00
1031.69	1617.90
1031.85	1705.96
1032.01	1669.09
1032.17	1628.14
1032.33	1726.44
1032.49	1464.30
1032.65	1736.68
1032.81	1578.98
1032.97	1533.93
1033.13	1675.24
1033.29	1480.68
1033.45	1587.18
1033.62	1470.44
1033.78	1499.11
1033.94	1570.79
1034.10	1468.39
1034.26	1591.27
1034.42	1400.81
1034.58	1404.91
1034.74	1578.98
1034.90	1320.94
1035.06	1277.93
1035.22	1382.38
1035.38	1388.52
1035.54	1357.80
1035.70	1368.04
1035.86	1478.63
1036.02	1458.15
1036.18	1421.29
1036.34	1271.79
1036.50	1388.52
1036.66	1396.71
1036.82	1226.73
1036.98	1382.38
1037.14	1361.90
1037.30	1316.84
1037.45	1277.93
1037.61	1409.00
1037.77	1275.88
1037.93	1394.67
1038.09	1255.40
1038.25	1331.18
1038.41	1179.63
1038.57	1245.16
1038.73	1261.55
1038.89	1206.25
1039.05	1222.64
1039.21	1226.73
1039.37	1064.94
1039.53	1196.01
1039.69	1216.49
1039.85	1179.63
1040.01	1204.21
1040.17	1099.76
1040.33	1204.21
1040.49	1130.48
1040.65	1196.01
1040.81	1167.34
1040.96	1099.76
1041.12	1140.72
1041.28	1167.34
1041.44	1052.66
1041.60	1232.88