345.33	6.96
345.55	6.96
345.77	6.96
345.98	-0.06
346.20	-5.03
346.42	-1.93
346.64	-4.62
346.86	-3.39
347.08	2.69
347.29	0.18
347.51	-1.76
347.73	2.63
347.95	-2.46
348.17	-0.59
348.38	2.11
348.60	-2.22
348.82	0.76
349.04	6.09
349.26	11.88
349.48	17.67
349.69	24.69
349.91	31.48
350.13	29.96
350.35	30.43
350.57	25.80
350.78	23.52
351.00	21.65
351.22	21.06
351.44	21.83
351.66	30.95
351.87	22.64
352.09	22.24
352.31	26.16
352.53	25.80
352.75	18.90
352.96	17.09
353.18	12.52
353.40	23.23
353.62	28.73
353.84	30.72
354.05	30.54
354.27	34.23
354.49	37.62
354.71	40.67
354.92	38.38
355.14	44.18
355.36	45.52
355.58	42.36
355.80	46.11
356.01	37.86
356.23	40.37
356.45	42.25
356.67	46.11
356.88	33.76
357.10	39.44
357.32	36.45
357.54	41.31
357.75	40.49
357.97	46.17
358.19	37.04
358.41	47.16
358.62	49.27
358.84	51.78
359.06	53.89
359.28	54.94
359.49	52.02
359.71	52.37
359.93	46.05
360.15	44.18
360.36	45.23
360.58	40.26
360.80	38.44
361.02	36.51
361.23	36.92
361.45	40.67
361.67	38.09
361.89	37.04
362.10	42.95
362.32	44.53
362.54	47.81
362.76	47.63
362.97	49.85
363.19	51.49
363.41	43.30
363.63	35.40
363.84	30.90
364.06	31.71
364.28	33.41
364.49	36.75
364.71	38.91
364.93	48.57
365.15	56.64
365.36	53.72
365.58	55.06
365.80	53.01
366.01	53.07
366.23	51.37
366.45	47.92
366.67	50.67
366.88	53.83
367.10	49.09
367.32	54.53
367.53	45.06
367.75	48.04
367.97	47.51
368.19	44.06
368.40	44.29
368.62	47.45
368.84	46.46
369.05	53.42
369.27	48.80
369.49	56.06
369.70	55.65
369.92	55.70
370.14	50.56
370.35	45.99
370.57	48.39
370.79	54.01
371.01	46.93
371.22	48.33
371.44	57.87
371.66	57.75
371.87	66.35
372.09	57.69
372.31	57.99
372.52	60.62
372.74	59.04
372.96	57.69
373.17	69.75
373.39	67.64
373.61	71.21
373.82	73.96
374.04	75.07
374.26	77.47
374.47	73.79
374.69	68.93
374.91	68.34
375.12	67.00
375.34	65.94
375.56	62.73
375.77	59.98
375.99	60.97
376.21	61.03
376.42	54.48
376.64	59.74
376.86	60.80
377.07	71.85
377.29	79.23
377.50	84.79
377.72	84.84
377.94	90.46
378.15	92.86
378.37	95.14
378.59	89.35
378.80	88.94
379.02	87.18
379.24	94.56
379.45	90.58
379.67	91.57
379.88	87.71
380.10	88.65
380.32	87.77
380.53	88.36
380.75	84.03
380.97	96.66
381.18	94.73
381.40	100.82
381.61	104.50
381.83	105.97
382.05	106.38
382.26	106.96
382.48	106.03
382.70	113.57
382.91	110.88
383.13	112.76
383.34	108.54
383.56	107.26
383.78	106.08
383.99	107.66
384.21	107.37
384.42	110.59
384.64	110.94
384.86	119.31
385.07	122.59
385.29	120.95
385.50	119.31
385.72	121.18
385.94	118.96
386.15	120.36
386.37	117.67
386.58	125.22
386.80	125.22
387.02	129.43
387.23	128.85
387.45	127.03
387.66	127.38
387.88	130.84
388.09	122.53
388.31	129.78
388.53	125.16
388.74	119.25
388.96	126.21
389.17	125.04
389.39	123.00
389.60	129.26
389.82	129.96
390.04	137.86
390.25	150.85
390.47	156.35
390.68	160.62
390.90	173.26
391.11	176.42
391.33	175.36
391.55	169.40
391.76	157.23
391.98	162.49
392.19	161.20
392.41	151.90
392.62	150.44
392.84	157.58
393.05	161.85
393.27	170.04
393.49	164.36
393.70	166.06
393.92	169.16
394.13	171.80
394.35	169.28
394.56	169.92
394.78	174.14
394.99	178.88
395.21	186.77
395.42	190.99
395.64	189.41
395.86	190.81
396.07	187.07
396.29	190.87
396.50	185.31
396.72	178.41
396.93	178.11
397.15	180.28
397.36	186.60
397.58	193.91
397.79	191.05
398.01	199.06
398.22	203.98
398.44	207.96
398.65	210.77
398.87	212.87
399.08	222.70
399.30	224.52
399.51	218.72
399.73	223.64
399.94	217.90
400.16	214.45
400.37	210.77
400.59	207.66
400.80	203.45
401.02	209.36
401.23	212.35
401.45	217.32
401.66	225.22
401.88	225.51
402.09	228.67
402.31	237.80
402.52	241.78
402.74	237.04
402.95	243.53
403.17	245.81
403.38	248.80
403.60	251.49
403.81	258.57
404.03	265.94
404.24	273.96
404.46	269.69
404.67	266.76
404.89	274.31
405.10	273.96
405.32	264.19
405.53	259.80
405.75	259.21
405.96	267.76
406.18	275.60
406.39	278.70
406.61	277.70
406.82	283.44
407.03	286.72
407.25	286.19
407.46	288.06
407.68	295.55
407.89	291.63
408.11	294.09
408.32	300.17
408.54	302.05
408.75	307.78
408.97	311.29
409.18	311.35
409.40	323.35
409.61	327.97
409.82	330.31
410.04	330.60
410.25	334.52
410.47	337.74
410.68	331.30
410.90	334.52
411.11	337.27
411.33	337.91
411.54	343.06
411.75	346.11
411.97	342.71
412.18	348.15
412.40	342.07
412.61	352.08
412.83	350.26
413.04	348.92
413.25	353.48
413.47	357.28
413.68	362.02
413.90	366.82
414.11	365.42
414.33	371.68
414.54	380.86
414.75	376.48
414.97	392.68
415.18	387.48
415.40	393.91
415.61	391.10
415.82	399.76
416.04	397.36
416.25	403.98
416.47	397.07
416.68	406.79
416.89	407.90
417.11	410.76
417.32	410.24
417.54	413.87
417.75	412.23
417.96	403.92
418.18	399.24
418.39	398.30
418.61	405.61
418.82	407.60
419.03	404.97
419.25	411.23
419.46	422.29
419.68	433.47
419.89	438.15
420.10	439.49
420.32	436.45
420.53	449.27
420.74	451.96
420.96	457.17
421.17	453.36
421.39	455.12
421.60	453.36
421.81	473.20
422.03	478.87
422.24	477.41
422.45	479.22
422.67	486.01
422.88	488.24
423.10	495.32
423.31	482.44
423.52	480.98
423.74	490.17
423.95	496.25
424.16	505.67
424.38	508.01
424.59	512.40
424.80	521.18
425.02	519.42
425.23	522.23
425.45	529.31
425.66	529.49
425.87	538.21
426.09	540.14
426.30	546.40
426.51	550.20
426.73	552.42
426.94	547.16
427.15	549.73
427.37	551.02
427.58	550.85
427.79	549.97
428.01	557.69
428.22	568.57
428.43	572.20
428.65	578.23
428.86	574.02
429.07	580.10
429.29	584.78
429.50	589.05
429.71	587.88
429.93	599.06
430.14	606.08
430.35	619.77
430.57	624.69
430.78	627.56
430.99	629.25
431.20	630.60
431.42	626.50
431.63	625.98
431.84	626.91
432.06	636.45
432.27	637.85
432.48	644.53
432.70	654.18
432.91	661.44
433.12	665.88
433.34	672.67
433.55	671.44
433.76	682.15
433.97	682.44
434.19	686.01
434.40	704.44
434.61	715.27
434.83	727.73
435.04	742.01
435.25	750.43
435.46	758.57
435.68	765.30
435.89	757.10
436.10	753.36
436.32	747.33
436.53	744.11
436.74	749.97
436.95	753.36
437.17	758.22
437.38	759.04
437.59	777.47
437.81	787.65
438.02	796.89
438.23	797.95
438.44	803.92
438.66	805.96
438.87	814.56
439.08	814.62
439.29	815.62
439.51	811.58
439.72	812.87
439.93	822.23
440.14	823.28
440.36	826.21
440.57	819.42
440.78	815.91
440.99	828.08
441.21	839.96
441.42	841.48
441.63	853.01
441.84	871.85
442.06	886.36
442.27	894.20
442.48	898.18
442.69	895.84
442.91	907.95
443.12	915.50
443.33	913.28
443.54	919.25
443.76	921.23
443.97	922.17
444.18	930.42
444.39	925.51
444.61	921.12
444.82	925.21
445.03	928.78
445.24	945.28
445.45	948.15
445.67	955.06
445.88	955.58
446.09	965.65
446.30	967.17
446.52	964.94
446.73	958.92
446.94	963.60
447.15	972.38
447.36	985.54
447.58	984.49
447.79	995.49
448.00	1000.70
448.21	1009.71
448.42	1018.95
448.64	1026.97
448.85	1026.09
449.06	1039.37
449.27	1040.60
449.48	1045.05
449.70	1042.36
449.91	1052.48
450.12	1044.46
450.33	1049.96
450.54	1046.98
450.76	1050.67
450.97	1067.17
451.18	1074.95
451.39	1066.47
451.60	1071.73
451.82	1072.20
452.03	1080.68
452.24	1080.27
452.45	1080.22
452.66	1091.22
452.87	1104.85
453.09	1113.10
453.30	1126.79
453.51	1124.74
453.72	1133.35
453.93	1135.69
454.14	1147.80
454.36	1149.91
454.57	1153.83
454.78	1156.58
454.99	1160.85
455.20	1175.42
455.41	1176.82
455.63	1187.76
455.84	1213.98
456.05	1219.42
456.26	1238.49
456.47	1247.45
456.68	1243.47
456.89	1252.13
457.11	1250.02
457.32	1244.11
457.53	1253.88
457.74	1259.68
457.95	1277.29
458.16	1289.23
458.38	1306.14
458.59	1323.40
458.80	1326.15
459.01	1324.33
459.22	1329.37
459.43	1332.64
459.64	1345.81
459.85	1357.04
460.07	1351.48
460.28	1361.78
460.49	1365.70
460.70	1355.58
460.91	1362.84
461.12	1365.06
461.33	1355.58
461.54	1368.98
461.76	1373.25
461.97	1397.65
462.18	1417.78
462.39	1441.18
462.60	1453.71
462.81	1477.76
463.02	1499.35
463.23	1517.31
463.44	1530.53
463.66	1552.18
463.87	1551.83
464.08	1554.41
464.29	1563.89
464.50	1560.38
464.71	1576.18
464.92	1582.03
465.13	1583.37
465.34	1602.45
465.55	1626.91
465.77	1627.02
465.98	1633.11
466.19	1642.41
466.40	1661.31
466.61	1682.96
466.82	1686.71
467.03	1702.21
467.24	1730.65
467.45	1764.06
467.66	1780.27
467.87	1797.00
468.08	1818.71
468.30	1838.20
468.51	1852.65
468.72	1870.50
468.93	1883.31
469.14	1905.14
469.35	1939.13
469.56	1960.84
469.77	1994.43
469.98	2008.18
470.19	2031.76
470.40	2063.30
470.61	2078.10
470.82	2100.51
471.03	2114.73
471.24	2125.97
471.46	2149.08
471.67	2170.55
471.88	2183.49
472.09	2208.71
472.30	2208.00
472.51	2229.30
472.72	2263.01
472.93	2312.16
473.14	2337.38
473.35	2364.06
473.56	2396.12
473.77	2437.84
473.98	2476.99
474.19	2500.75
474.40	2491.85
474.61	2518.24
474.82	2546.68
475.03	2570.14
475.24	2586.94
475.45	2606.48
475.66	2630.35
475.87	2662.59
476.08	2683.25
476.29	2710.40
476.50	2722.57
476.71	2748.49
476.92	2775.11
477.13	2802.03
477.34	2834.62
477.55	2866.34
477.77	2894.60
477.98	2926.84
478.19	2962.36
478.40	2988.40
478.61	3012.09
478.82	3039.07
479.03	3063.76
479.24	3079.03
479.45	3112.56
479.66	3141.99
479.87	3156.15
480.08	3179.27
480.29	3216.01
480.50	3240.94
480.71	3279.27
480.92	3298.69
481.13	3322.27
481.34	3372.59
481.55	3406.06
481.75	3427.42
481.96	3466.45
482.17	3499.98
482.38	3530.82
482.59	3553.69
482.80	3569.43
483.01	3598.92
483.22	3634.97
483.43	3648.43
483.64	3679.21
483.85	3701.67
484.06	3722.21
484.27	3748.19
484.48	3769.78
484.69	3786.23
484.90	3806.00
485.11	3813.96
485.32	3845.73
485.53	3884.82
485.74	3908.64
485.95	3936.78
486.16	3961.47
486.37	3994.18
486.58	4027.77
486.79	4060.95
487.00	4062.76
487.21	4083.01
487.42	4107.17
487.63	4141.05
487.84	4168.96
488.04	4172.12
488.25	4187.63
488.46	4226.42
488.67	4246.02
488.88	4272.47
489.09	4283.06
489.30	4310.97
489.51	4351.35
489.72	4373.23
489.93	4385.05
490.14	4405.71
490.35	4418.58
490.56	4450.18
490.77	4466.56
490.98	4482.83
491.18	4499.56
491.39	4536.25
491.60	4563.75
491.81	4593.94
492.02	4616.94
492.23	4648.54
492.44	4680.14
492.65	4698.27
492.86	4714.78
493.07	4739.88
493.28	4759.13
493.49	4781.83
493.69	4795.35
493.90	4802.37
494.11	4844.56
494.32	4867.44
494.53	4888.27
494.74	4907.46
494.95	4920.86
495.16	4950.53
495.37	4986.22
495.58	4992.42
495.78	5022.38
495.99	5025.31
496.20	5047.77
496.41	5074.34
496.62	5091.13
496.83	5110.50
497.04	5147.19
497.25	5161.17
497.46	5208.69
497.66	5233.44
497.87	5262.75
498.08	5288.67
498.29	5311.49
498.50	5325.48
498.71	5344.67
498.92	5367.73
499.13	5394.29
499.33	5415.71
499.54	5441.75
499.75	5469.77
499.96	5497.63
500.17	5512.72
500.38	5539.81
500.59	5567.32
500.79	5573.81
501.00	5584.46
501.21	5606.52
501.42	5628.17
501.63	5668.13
501.84	5687.38
502.05	5701.72
502.25	5741.33
502.46	5755.73
502.67	5766.61
502.88	5787.85
503.09	5813.36
503.30	5836.77
503.50	5869.71
503.71	5902.42
503.92	5937.47
504.13	5955.73
504.34	5979.31
504.55	5998.79
504.75	6006.63
504.96	6016.87
505.17	6023.43
505.38	6057.66
505.59	6088.73
505.80	6104.47
506.00	6112.31
506.21	6142.33
506.42	6159.47
506.63	6189.02
506.84	6187.56
507.05	6204.29
507.25	6239.40
507.46	6272.34
507.67	6293.58
507.88	6320.44
508.09	6325.82
508.29	6364.50
508.50	6404.17
508.71	6421.67
508.92	6443.03
509.13	6475.09
509.33	6505.23
509.54	6525.47
509.75	6532.67
509.96	6535.83
510.17	6560.58
510.37	6575.44
510.58	6587.96
510.79	6599.08
511.00	6642.03
511.21	6679.13
511.41	6717.10
511.62	6737.52
511.83	6772.52
512.04	6781.41
512.25	6826.06
512.45	6852.56
512.66	6860.34
512.87	6874.39
513.08	6887.38
513.28	6901.65
513.49	6940.86
513.70	6951.45
513.91	6976.79
514.11	7009.90
514.32	7040.33
514.53	7079.07
514.74	7100.78
514.95	7135.06
515.15	7163.03
515.36	7186.50
515.57	7197.73
515.78	7218.80
515.98	7236.35
516.19	7265.61
516.40	7283.75
516.61	7309.61
516.81	7317.86
517.02	7347.47
517.23	7371.46
517.44	7396.50
517.64	7416.63
517.85	7430.91
518.06	7459.35
518.27	7481.87
518.47	7507.85
518.68	7516.81
518.89	7531.61
519.09	7567.48
519.30	7591.06
519.51	7591.35
519.72	7591.88
519.92	7614.58
520.13	7644.31
520.34	7657.71
520.55	7666.78
520.75	7671.52
520.96	7692.81
521.17	7729.68
521.37	7758.35
521.58	7767.36
521.79	7797.03
522.00	7815.69
522.20	7833.60
522.41	7850.10
522.62	7851.03
522.82	7849.98
523.03	7869.76
523.24	7870.75
523.45	7893.81
523.65	7925.00
523.86	7943.54
524.07	7969.76
524.27	7992.46
524.48	8022.19
524.69	8033.54
524.89	8037.75
525.10	8060.04
525.31	8074.20
525.52	8103.29
525.72	8128.33
525.93	8130.26
526.14	8140.15
526.34	8146.18
526.55	8149.39
526.76	8144.77
526.96	8142.84
527.17	8146.35
527.38	8170.87
527.58	8215.69
527.79	8234.06
528.00	8252.96
528.20	8292.87
528.41	8305.80
528.62	8318.21
528.82	8315.75
529.03	8313.58
529.24	8330.32
529.44	8340.03
529.65	8336.46
529.86	8360.92
530.06	8381.58
530.27	8391.82
530.48	8413.82
530.68	8421.07
530.89	8433.30
531.10	8455.54
531.30	8454.60
531.51	8453.20
531.72	8477.36
531.92	8493.22
532.13	8515.86
532.33	8530.96
532.54	8541.43
532.75	8565.13
532.95	8587.89
533.16	8590.88
533.37	8587.72
533.57	8585.44
533.78	8597.55
533.99	8612.00
534.19	8596.38
534.40	8607.09
534.60	8636.93
534.81	8664.02
535.02	8691.11
535.22	8722.30
535.43	8728.33
535.64	8759.63
535.84	8779.99
536.05	8788.59
536.25	8804.33
536.46	8825.28
536.67	8835.99
536.87	8866.48
537.08	8907.61
537.28	8923.00
537.49	8939.33
537.70	8970.45
537.90	9004.74
538.11	9004.86
538.32	9035.58
538.52	9039.15
538.73	9064.78
538.93	9094.21
539.14	9101.88
539.34	9102.34
539.55	9122.76
539.76	9126.63
539.96	9151.03
540.17	9173.79
540.37	9182.80
540.58	9198.66
540.79	9229.67
540.99	9259.22
541.20	9269.22
541.40	9283.97
541.61	9296.67
541.81	9320.48
542.02	9350.56
542.23	9367.00
542.43	9386.43
542.64	9430.14
542.84	9441.49
543.05	9473.84
543.25	9505.50
543.46	9522.41
543.67	9549.85
543.87	9580.92
544.08	9602.93
544.28	9641.37
544.49	9642.77
544.69	9662.08
544.90	9696.61
545.11	9717.14
545.31	9738.38
545.52	9755.88
545.72	9766.24
545.93	9795.90
546.13	9840.49
546.34	9858.86
546.54	9880.81
546.75	9906.73
546.95	9921.65
547.16	9974.95
547.36	10004.21
547.57	10026.04
547.78	10048.45
547.98	10073.90
548.19	10102.16
548.39	10144.82
548.60	10170.33
548.80	10202.10
549.01	10207.54
549.21	10243.71
549.42	10255.35
549.62	10272.14
549.83	10279.22
550.03	10301.93
550.24	10333.70
550.44	10358.92
550.65	10381.74
550.85	10410.41
551.06	10442.94
551.26	10466.17
551.47	10492.04
551.67	10510.59
551.88	10528.84
552.08	10533.23
552.29	10557.04
552.49	10572.38
552.70	10583.96
552.90	10592.80
553.11	10605.03
553.31	10659.62
553.52	10690.51
553.72	10727.55
553.93	10745.05
554.13	10793.73
554.34	10824.16
554.54	10841.42
554.75	10843.47
554.95	10875.47
555.16	10859.85
555.36	10883.78
555.57	10912.86
555.77	10922.87
555.98	10968.57
556.18	10999.93
556.39	11027.49
556.59	11097.30
556.80	11149.38
557.00	11181.62
557.21	11208.47
557.41	11209.64
557.61	11229.71
557.82	11231.47
558.02	11242.06
558.23	11228.60
558.43	11224.98
558.64	11264.65
558.84	11290.80
559.05	11291.15
559.25	11314.50
559.46	11328.08
559.66	11383.61
559.86	11432.99
560.07	11443.76
560.27	11456.81
560.48	11492.85
560.68	11534.45
560.89	11532.81
561.09	11533.46
561.30	11518.95
561.50	11552.07
561.70	11589.75
561.91	11595.48
562.11	11604.08
562.32	11632.58
562.52	11663.18
562.73	11689.63
562.93	11656.51
563.13	11686.82
563.34	11701.80
563.54	11704.84
563.75	11727.84
563.95	11720.82
564.16	11741.77
564.36	11786.53
564.56	11777.93
564.77	11809.17
564.97	11812.22
565.18	11851.19
565.38	11866.93
565.58	11878.51
565.79	11883.31
565.99	11900.51
566.20	11890.33
566.40	11901.45
566.60	11899.23
566.81	11912.22
567.01	11918.53
567.22	11944.87
567.42	11971.84
567.62	12004.78
567.83	12039.48
568.03	12057.21
568.24	12078.86
568.44	12084.54
568.64	12081.08
568.85	12073.13
569.05	12087.64
569.25	12107.77
569.46	12127.95
569.66	12141.94
569.87	12157.97
570.07	12205.66
570.27	12240.77
570.48	12245.16
570.68	12244.40
570.88	12247.96
571.09	12258.20
571.29	12292.90
571.50	12289.04
571.70	12296.94
571.90	12280.15
572.11	12305.19
572.31	12322.34
572.51	12325.61
572.72	12315.37
572.92	12321.98
573.12	12324.68
573.33	12382.43
573.53	12384.94
573.73	12374.65
573.94	12407.18
574.14	12421.75
574.35	12416.89
574.55	12425.32
574.75	12421.81
574.96	12442.40
575.16	12449.08
575.36	12412.45
575.57	12403.96
575.77	12404.72
575.97	12405.66
576.18	12421.57
576.38	12442.11
576.58	12455.34
576.79	12494.54
576.99	12513.62
577.19	12520.05
577.39	12544.57
577.60	12525.26
577.80	12487.69
578.00	12500.16
578.21	12528.19
578.41	12541.82
578.61	12562.94
578.82	12571.13
579.02	12578.04
579.22	12616.13
579.43	12631.34
579.63	12595.42
579.83	12603.02
580.04	12613.73
580.24	12596.18
580.44	12613.32
580.64	12622.86
580.85	12622.10
581.05	12632.16
581.25	12659.96
581.46	12647.44
581.66	12658.26
581.86	12682.25
582.06	12677.98
582.27	12692.67
582.47	12721.57
582.67	12723.50
582.88	12749.42
583.08	12769.79
583.28	12775.81
583.48	12789.86
583.69	12787.34
583.89	12790.85
584.09	12777.69
584.30	12781.84
584.50	12793.08
584.70	12794.95
584.90	12808.41
585.11	12825.49
585.31	12836.26
585.51	12876.81
585.71	12916.25
585.92	12924.20
586.12	12916.30
586.32	12932.86
586.52	12952.99
586.73	12964.75
586.93	12977.98
587.13	12982.48
587.33	12981.14
587.54	13021.75
587.74	12999.45
587.94	12998.17
588.14	12996.53
588.35	13000.51
588.55	13006.18
588.75	13033.86
588.95	13037.43
589.16	13073.06
589.36	13101.73
589.56	13144.45
589.76	13174.93
589.96	13197.34
590.17	13192.66
590.37	13196.88
590.57	13211.62
590.77	13231.93
590.98	13216.01
591.18	13220.22
591.38	13230.40
591.58	13244.16
591.78	13272.36
591.99	13261.94
592.19	13257.32
592.39	13280.90
592.59	13285.88
592.80	13304.83
593.00	13331.46
593.20	13355.62
593.40	13399.74
593.60	13421.39
593.81	13466.04
594.01	13473.29
594.21	13477.62
594.41	13501.79
594.61	13503.37
594.82	13531.69
595.02	13548.78
595.22	13543.98
595.42	13544.15
595.62	13552.76
595.82	13550.41
596.03	13560.95
596.23	13579.79
596.43	13583.65
596.63	13595.88
596.83	13629.76
597.04	13681.48
597.24	13718.11
597.44	13767.21
597.64	13761.53
597.84	13789.62
598.04	13802.02
598.25	13816.18
598.45	13846.96
598.65	13858.08
598.85	13854.45
599.05	13857.84
599.25	13853.34
599.46	13880.14
599.66	13887.92
599.86	13883.53
600.06	13909.80
600.26	13923.96
600.46	13962.17
600.66	14002.37
600.87	14008.87
601.07	14045.03
601.27	14065.39
601.47	14049.42
601.67	14081.72
601.87	14115.95
602.07	14107.75
602.28	14146.20
602.48	14162.52
602.68	14153.45
602.88	14195.29
603.08	14203.31
603.28	14217.88
603.48	14257.08
603.69	14252.11
603.89	14267.26
604.09	14295.47
604.29	14315.07
604.49	14344.09
604.69	14327.41
604.89	14328.00
605.09	14362.52
605.29	14390.73
605.50	14395.11
605.70	14405.00
605.90	14380.37
606.10	14431.80
606.30	14476.51
606.50	14488.91
606.70	14471.53
606.90	14487.04
607.10	14511.85
607.31	14566.27
607.51	14547.07
607.71	14536.01
607.91	14570.89
608.11	14622.61
608.31	14644.50
608.51	14647.72
608.71	14632.85
608.91	14671.88
609.11	14695.40
609.31	14696.28
609.52	14677.09
609.72	14710.85
609.92	14753.86
610.12	14775.74
610.32	14770.07
610.52	14782.06
610.72	14774.92
610.92	14807.34
611.12	14789.67
611.32	14777.85
611.52	14779.72
611.72	14827.12
611.92	14834.32
612.12	14867.90
612.33	14872.47
612.53	14908.45
612.73	14931.16
612.93	14986.33
613.13	14966.26
613.33	14984.11
613.53	15012.55
613.73	14999.44
613.93	15028.52
614.13	15049.47
614.33	15039.99
614.53	15075.33
614.73	15104.18
614.93	15101.43
615.13	15132.91
615.33	15139.11
615.53	15140.40
615.73	15182.24
615.93	15176.50
616.13	15190.19
616.33	15184.64
616.53	15196.10
616.74	15180.83
616.94	15187.33
617.14	15176.33
617.34	15202.72
617.54	15221.85
617.74	15225.95
617.94	15254.85
618.14	15291.25
618.34	15314.18
618.54	15324.83
618.74	15301.37
618.94	15303.89
619.14	15333.08
619.34	15334.84
619.54	15308.10
619.74	15321.21
619.94	15344.96
620.14	15353.50
620.34	15377.09
620.54	15369.30
620.74	15378.96
620.94	15396.98
621.14	15375.86
621.34	15352.80
621.54	15388.26
621.74	15366.96
621.94	15384.81
622.14	15376.27
622.34	15366.44
622.54	15369.01
622.74	15372.05
622.94	15375.68
623.14	15377.26
623.34	15393.29
623.54	15383.58
623.74	15387.79
623.94	15391.36
624.13	15393.12
624.33	15377.38
624.53	15357.95
624.73	15354.56
624.93	15395.17
625.13	15419.62
625.33	15389.49
625.53	15418.92
625.73	15397.57
625.93	15420.44
626.13	15394.93
626.33	15381.65
626.53	15377.79
626.73	15425.94
626.93	15370.71
627.13	15379.43
627.33	15395.28
627.53	15407.16
627.73	15423.25
627.93	15428.52
628.13	15416.70
628.33	15478.43
628.52	15511.14
628.72	15506.22
628.92	15509.38
629.12	15497.92
629.32	15488.79
629.52	15509.85
629.72	15465.56
629.92	15449.17
630.12	15437.47
630.32	15444.49
630.52	15451.63
630.72	15447.89
630.92	15449.76
631.12	15447.30
631.31	15451.75
631.51	15460.00
631.71	15450.70
631.91	15451.40
632.11	15480.60
632.31	15457.01
632.51	15468.66
632.71	15485.69
632.91	15484.46
633.11	15471.94
633.31	15471.23
633.50	15452.04
633.70	15424.25
633.90	15445.02
634.10	15419.16
634.30	15411.55
634.50	15423.90
634.70	15412.72
634.90	15382.23
635.10	15423.31
635.29	15403.12
635.49	15416.06
635.69	15422.32
635.89	15425.65
636.09	15440.10
636.29	15473.69
636.49	15468.42
636.69	15437.59
636.89	15435.95
637.08	15426.94
637.28	15434.31
637.48	15402.42
637.68	15399.20
637.88	15367.55
638.08	15361.87
638.28	15372.23
638.47	15386.86
638.67	15382.06
638.87	15381.94
639.07	15365.38
639.27	15389.31
639.47	15396.51
639.67	15381.30
639.86	15379.25
640.06	15375.33
640.26	15349.88
640.46	15350.29
640.66	15344.14
640.86	15378.31
641.06	15374.86
641.25	15341.10
641.45	15344.90
641.65	15369.24
641.85	15367.78
642.05	15362.11
642.25	15349.82
642.44	15353.27
642.64	15371.12
642.84	15376.56
643.04	15380.77
643.24	15393.41
643.43	15380.36
643.63	15378.84
643.83	15370.59
644.03	15367.90
644.23	15364.04
644.43	15337.94
644.62	15307.51
644.82	15336.83
645.02	15320.33
645.22	15311.02
645.42	15296.04
645.61	15259.36
645.81	15286.74
646.01	15323.60
646.21	15306.40
646.41	15341.28
646.60	15354.67
646.80	15364.39
647.00	15371.12
647.20	15379.08
647.40	15350.58
647.59	15354.79
647.79	15331.68
647.99	15315.35
648.19	15329.22
648.39	15331.85
648.58	15334.14
648.78	15343.62
648.98	15347.77
649.18	15346.42
649.37	15350.11
649.57	15357.13
649.77	15373.52
649.97	15360.88
650.17	15355.49
650.36	15360.58
650.56	15393.76
650.76	15380.25
650.96	15373.52
651.15	15379.84
651.35	15375.10
651.55	15388.38
651.75	15375.92
651.94	15350.93
652.14	15393.82
652.34	15386.86
652.54	15402.07
652.73	15413.71
652.93	15398.50
653.13	15413.77
653.33	15413.01
653.52	15407.75
653.72	15416.11
653.92	15390.54
654.12	15404.94
654.31	15422.43
654.51	15424.89
654.71	15436.18
654.91	15427.58
655.10	15405.87
655.30	15430.22
655.50	15411.37
655.69	15400.96
655.89	15431.85
656.09	15442.27
656.29	15448.71
656.48	15461.40
656.68	15480.01
656.88	15492.83
657.08	15508.80
657.27	15487.21
657.47	15473.52
657.67	15458.65
657.86	15433.84
658.06	15405.82
658.26	15395.52
658.46	15393.00
658.65	15392.18
658.85	15416.64
659.05	15420.39
659.24	15476.09
659.44	15472.46
659.64	15483.76
659.83	15490.07
660.03	15481.94
660.23	15467.02
660.42	15487.97
660.62	15492.65
660.82	15505.76
661.02	15516.05
661.21	15515.29
661.41	15536.71
661.61	15555.02
661.80	15555.84
662.00	15553.97
662.20	15558.65
662.39	15543.56
662.59	15555.90
662.79	15554.03
662.98	15553.15
663.18	15573.11
663.38	15574.28
663.57	15581.12
663.77	15610.44
663.97	15620.44
664.16	15626.29
664.36	15644.90
664.56	15641.10
664.75	15630.57
664.95	15640.45
665.15	15652.33
665.34	15658.36
665.54	15653.97
665.73	15655.73
665.93	15668.95
666.13	15646.95
666.32	15658.42
666.52	15653.21
666.72	15652.92
666.91	15681.88
667.11	15684.28
667.31	15657.95
667.50	15695.57
667.70	15680.18
667.90	15693.06
668.09	15692.06
668.29	15698.79
668.48	15696.80
668.68	15725.24
668.88	15737.82
669.07	15758.83
669.27	15763.57
669.46	15783.52
669.66	15772.05
669.86	15769.59
670.05	15734.13
670.25	15744.78
670.45	15749.93
670.64	15740.63
670.84	15734.66
671.03	15747.18
671.23	15756.08
671.43	15804.17
671.62	15802.95
671.82	15816.52
672.01	15827.81
672.21	15831.09
672.41	15830.15
672.60	15825.06
672.80	15834.08
672.99	15848.29
673.19	15821.20
673.39	15818.80
673.58	15827.70
673.78	15849.87
673.97	15867.66
674.17	15846.36
674.36	15816.93
674.56	15840.10
674.76	15843.55
674.95	15848.53
675.15	15816.70
675.34	15801.31
675.54	15807.45
675.73	15819.74
675.93	15814.18
676.13	15828.28
676.32	15794.99
676.52	15827.81
676.71	15859.94
676.91	15867.60
677.10	15881.06
677.30	15898.79
677.49	15860.76
677.69	15902.18
677.89	15859.24
678.08	15839.81
678.28	15819.68
678.47	15822.31
678.67	15803.47
678.86	15828.87
679.06	15817.52
679.25	15842.85
679.45	15834.66
679.64	15850.87
679.84	15848.12
680.03	15850.69
680.23	15839.11
680.43	15840.51
680.62	15843.38
680.82	15856.49
681.01	15873.69
681.21	15863.33
681.40	15867.95
681.60	15880.18
681.79	15895.75
681.99	15905.93
682.18	15909.09
682.38	15898.97
682.57	15907.22
682.77	15901.60
682.96	15916.99
683.16	15892.53
683.35	15881.06
683.55	15877.26
683.74	15887.97
683.94	15871.47
684.13	15867.90
684.33	15855.37
684.52	15866.67
684.72	15872.81
684.91	15859.06
685.11	15847.07
685.30	15879.54
685.50	15883.34
685.69	15867.72
685.89	15876.03
686.08	15871.93
686.28	15885.33
686.47	15858.65
686.67	15837.00
686.86	15817.93
687.06	15813.42
687.25	15825.24
687.45	15820.91
687.64	15808.33
687.83	15847.01
688.03	15810.08
688.22	15819.68
688.42	15829.92
688.61	15793.47
688.81	15790.54
689.00	15802.54
689.20	15774.27
689.39	15812.95
689.59	15808.04
689.78	15778.55
689.98	15775.97
690.17	15776.09
690.36	15754.15
690.56	15773.98
690.75	15775.74
690.95	15770.65
691.14	15799.32
691.34	15799.08
691.53	15786.33
691.73	15798.85
691.92	15776.15
692.11	15736.18
692.31	15719.04
692.50	15713.71
692.70	15689.55
692.89	15652.92
693.09	15629.98
693.28	15626.35
693.47	15631.74
693.67	15619.57
693.86	15601.54
694.06	15612.19
694.25	15599.61
694.44	15598.44
694.64	15608.92
694.83	15616.35
695.03	15641.86
695.22	15647.53
695.42	15648.00
695.61	15675.80
695.80	15688.79
696.00	15654.09
696.19	15609.44
696.39	15585.45
696.58	15556.25
696.77	15545.43
696.97	15545.60
697.16	15523.14
697.36	15505.00
697.55	15546.66
697.74	15565.56
697.94	15573.69
698.13	15554.91
698.32	15555.43
698.52	15552.39
698.71	15561.29
698.91	15537.65
699.10	15505.35
699.29	15507.34
699.49	15497.86
699.68	15481.65
699.87	15445.78
700.07	15451.22
700.26	15456.25
700.46	15460.70
700.65	15454.73
700.84	15474.74
701.04	15479.66
701.23	15515.29
701.42	15494.93
701.62	15469.01
701.81	15460.64
702.00	15444.43
702.20	15413.48
702.39	15407.16
702.58	15388.67
702.78	15383.00
702.97	15414.53
703.16	15407.57
703.36	15371.35
703.55	15398.74
703.75	15396.98
703.94	15376.56
704.13	15377.38
704.33	15357.89
704.52	15365.44
704.71	15381.01
704.91	15368.78
705.10	15359.77
705.29	15346.83
705.48	15330.57
705.68	15311.43
705.87	15290.08
706.06	15289.78
706.26	15278.20
706.45	15253.04
706.64	15249.06
706.84	15272.05
707.03	15276.91
707.22	15262.98
707.42	15256.84
707.61	15221.09
707.80	15223.66
708.00	15232.62
708.19	15191.83
708.38	15178.67
708.57	15182.29
708.77	15166.79
708.96	15161.93
709.15	15165.15
709.35	15156.14
709.54	15165.38
709.73	15182.41
709.92	15165.79
710.12	15180.07
710.31	15185.63
710.50	15168.13
710.70	15157.60
710.89	15156.61
711.08	15124.78
711.27	15127.64
711.47	15126.12
711.66	15145.55
711.85	15142.91
712.05	15126.94
712.24	15108.92
712.43	15111.73
712.62	15106.93
712.82	15115.00
713.01	15080.95
713.20	15098.80
713.39	15102.31
713.59	15088.44
713.78	15066.03
713.97	15047.66
714.16	15034.31
714.36	15052.57
714.55	15000.03
714.74	15014.83
714.93	15006.23
715.13	15021.44
715.32	15019.74
715.51	14997.16
715.70	14991.60
715.90	15010.97
716.09	15010.38
716.28	15024.07
716.47	15034.20
716.66	15041.51
716.86	15043.38
717.05	15034.20
717.24	15002.89
717.43	14978.43
717.63	14975.45
717.82	14947.95
718.01	14945.67
718.20	14941.69
718.39	14936.19
718.59	14980.36
718.78	14983.88
718.97	14975.51
719.16	14977.50
719.36	14978.26
719.55	14978.20
719.74	14978.55
719.93	14960.65
720.12	14950.87
720.32	14948.12
720.51	14926.83
720.70	14899.97
720.89	14911.32
721.08	14906.40
721.28	14907.87
721.47	14934.55
721.66	14958.66
721.85	14962.75
722.04	14973.28
722.23	14971.82
722.43	14936.01
722.62	14942.04
722.81	14900.20
723.00	14893.41
723.19	14904.88
723.39	14932.03
723.58	14914.13
723.77	14944.20
723.96	14912.90
724.15	14940.87
724.34	14925.42
724.54	14921.21
724.73	14903.19
724.92	14894.17
725.11	14891.13
725.30	14900.49
725.49	14878.84
725.68	14875.86
725.88	14891.01
726.07	14896.16
726.26	14884.64
726.45	14895.64
726.64	14885.16
726.83	14917.87
727.03	14924.66
727.22	14911.26
727.41	14887.45
727.60	14899.21
727.79	14885.34
727.98	14909.45
728.17	14879.84
728.36	14870.94
728.56	14858.60
728.75	14873.99
728.94	14886.16
729.13	14882.71
729.32	14853.04
729.51	14858.31
729.70	14856.20
729.89	14848.07
730.09	14824.95
730.28	14804.94
730.47	14803.60
730.66	14801.84
730.85	14808.45
731.04	14818.28
731.23	14840.46
731.42	14851.46
731.61	14871.94
731.81	14887.21
732.00	14887.74
732.19	14882.18
732.38	14881.48
732.57	14890.72
732.76	14896.11
732.95	14888.15
733.14	14866.91
733.33	14877.73
733.52	14887.21
733.71	14868.25
733.91	14839.70
734.10	14833.96
734.29	14839.93
734.48	14823.43
734.67	14833.20
734.86	14805.47
735.05	14799.50
735.24	14813.19
735.43	14795.70
735.62	14784.64
735.81	14792.83
736.00	14769.31
736.19	14773.93
736.39	14777.85
736.58	14745.55
736.77	14783.17
736.96	14766.03
737.15	14795.58
737.34	14804.12
737.53	14819.80
737.72	14818.05
737.91	14840.75
738.10	14841.92
738.29	14841.28
738.48	14830.28
738.67	14825.42
738.86	14823.20
739.05	14832.97
739.24	14819.34
739.43	14795.11
739.62	14797.69
739.81	14779.02
740.00	14780.13
740.19	14773.29
740.38	14798.04
740.57	14807.75
740.76	14827.35
740.96	14842.98
741.15	14865.80
741.34	14876.97
741.53	14891.42
741.72	14869.07
741.91	14880.37
742.10	14873.23
742.29	14879.25
742.48	14866.09
742.67	14836.89
742.86	14844.91
743.05	14858.95
743.24	14839.70
743.43	14823.14
743.62	14827.53
743.81	14840.52
744.00	14887.33
744.19	14860.30
744.38	14842.74
744.57	14872.64
744.76	14889.55
744.95	14884.29
745.14	14860.47
745.33	14829.46
745.52	14813.66
745.71	14826.30
745.90	14795.35
746.09	14768.78
746.27	14752.92
746.46	14743.80
746.65	14749.59
746.84	14754.27
747.03	14723.61
747.22	14728.17
747.41	14733.09
747.60	14751.69
747.79	14770.71
747.98	14787.80
748.17	14787.91
748.36	14808.92
748.55	14807.34
748.74	14798.39
748.93	14770.71
749.12	14759.77
749.31	14746.43
749.50	14732.09
749.69	14703.07
749.88	14688.44
750.07	14695.64
750.26	14694.18
750.45	14705.76
750.64	14673.23
750.82	14679.55
751.01	14700.32
751.20	14704.88
751.39	14691.19
751.58	14711.32
751.77	14710.62
751.96	14744.09
752.15	14771.65
752.34	14774.22
752.53	14771.12
752.72	14787.97
752.91	14779.43
753.10	14792.65
753.28	14750.06
753.47	14717.11
753.66	14701.14
753.85	14722.79
754.04	14703.42
754.23	14702.66
754.42	14691.07
754.61	14702.13
754.80	14710.74
754.99	14708.34
755.18	14679.55
755.36	14673.05
755.55	14646.66
755.74	14608.34
755.93	14630.69
756.12	14621.15
756.31	14596.63
756.50	14583.00
756.69	14591.66
756.88	14621.44
757.06	14614.66
757.25	14573.05
757.44	14573.17
757.63	14620.39
757.82	14607.75
758.01	14594.94
758.20	14588.21
758.39	14598.16
758.57	14592.30
758.76	14595.52
758.95	14543.97
759.14	14544.62
759.33	14521.27
759.52	14496.69
759.71	14499.85
759.90	14504.88
760.08	14508.22
760.27	14506.29
760.46	14492.30
760.65	14507.58
760.84	14489.32
761.03	14444.67
761.21	14453.74
761.40	14414.54
761.59	14417.82
761.78	14451.05
761.97	14440.34
762.16	14420.16
762.35	14420.27
762.53	14388.09
762.72	14408.98
762.91	14393.01
763.10	14353.63
763.29	14370.07
763.48	14384.23
763.66	14390.67
763.85	14392.77
764.04	14357.90
764.23	14359.77
764.42	14352.75
764.60	14310.80
764.79	14285.52
764.98	14268.67
765.17	14253.04
765.36	14242.45
765.54	14222.21
765.73	14229.58
765.92	14250.70
766.11	14243.62
766.30	14276.27
766.49	14299.68
766.67	14270.66
766.86	14258.89
767.05	14231.10
767.24	14223.20
767.42	14211.56
767.61	14174.99
767.80	14127.36
767.99	14147.37
768.18	14137.95
768.36	14150.18
768.55	14093.18
768.74	14093.65
768.93	14070.48
769.12	14076.92
769.30	14053.16
769.49	14054.21
769.68	14016.12
769.87	14022.91
770.05	14008.93
770.24	13988.97
770.43	13973.52
770.62	13965.33
770.80	13955.85
770.99	13968.96
771.18	13961.94
771.37	13939.82
771.55	13930.69
771.74	13906.00
771.93	13887.39
772.12	13870.19
772.30	13837.72
772.49	13851.29
772.68	13831.34
772.87	13824.67
773.05	13848.31
773.24	13861.18
773.43	13807.58
773.62	13804.83
773.80	13781.02
773.99	13779.85
774.18	13791.37
774.37	13742.16
774.55	13731.69
774.74	13742.57
774.93	13730.28
775.11	13679.32
775.30	13664.52
775.49	13631.16
775.68	13616.42
775.86	13593.13
776.05	13586.81
776.24	13557.14
776.43	13565.39
776.61	13538.65
776.80	13519.34
776.99	13510.22
777.17	13481.19
777.36	13476.22
777.55	13472.36
777.73	13466.97
777.92	13465.92
778.11	13451.59
778.30	13432.51
778.48	13430.29
778.67	13398.69
778.86	13368.85
779.04	13350.53
779.23	13335.09
779.42	13326.19
779.60	13289.44
779.79	13242.28
779.98	13239.59
780.16	13231.93
780.35	13192.25
780.54	13165.81
780.72	13153.28
780.91	13145.85
781.10	13152.11
781.28	13128.18
781.47	13081.90
781.66	13074.41
781.84	13042.05
782.03	13006.18
782.22	13000.39
782.40	12986.58
782.59	12952.23
782.78	12978.33
782.96	12942.75
783.15	12944.10
783.34	12937.02
783.52	12893.08
783.71	12860.72
783.90	12831.46
784.08	12802.44
784.27	12811.62
784.46	12791.55
784.64	12802.67
784.83	12812.39
785.01	12806.88
785.20	12809.93
785.39	12791.32
785.57	12770.37
785.76	12744.69
785.95	12668.73
786.13	12628.36
786.32	12586.93
786.50	12548.02
786.69	12536.03
786.88	12511.74
787.06	12499.34
787.25	12498.34
787.44	12493.49
787.62	12494.95
787.81	12493.78
787.99	12457.85
788.18	12451.24
788.37	12423.04
788.55	12397.88
788.74	12404.72
788.92	12363.06
789.11	12340.65
789.30	12330.59
789.48	12283.83
789.67	12275.99
789.85	12251.36
790.04	12197.41
790.22	12187.70
790.41	12167.10
790.60	12152.59
790.78	12134.92
790.97	12109.99
791.15	12098.52
791.34	12075.88
791.53	12041.06
791.71	12024.85
791.90	11991.03
792.08	11951.83
792.27	11918.83
792.45	11883.72
792.64	11853.23
792.83	11827.96
793.01	11797.35
793.20	11780.09
793.38	11758.09
793.57	11743.87
793.75	11705.31
793.94	11682.67
794.12	11665.82
794.31	11626.38
794.50	11593.73
794.68	11588.52
794.87	11556.63
795.05	11543.46
795.24	11529.83
795.42	11492.50
795.61	11475.06
795.79	11447.56
795.98	11418.71
796.16	11394.49
796.35	11373.83
796.53	11363.53
796.72	11371.43
796.90	11343.06
797.09	11341.59
797.28	11315.09
797.46	11330.18
797.65	11337.15
797.83	11315.32
798.02	11310.46
798.20	11329.60
798.39	11290.04
798.57	11289.57
798.76	11269.50
798.94	11245.16
799.13	11241.42
799.31	11231.29
799.50	11215.79
799.68	11232.41
799.87	11225.85
800.05	11229.66
800.24	11206.25
800.42	11201.86
800.61	11188.99
800.79	11193.03
800.98	11166.81
801.16	11173.25
801.35	11151.07
801.53	11178.93
801.72	11169.04
801.90	11163.30
802.08	11129.48
802.27	11138.20
802.45	11123.98
802.64	11119.24
802.82	11103.56
803.01	11101.28
803.19	11118.77
803.38	11138.02
803.56	11135.45
803.75	11142.35
803.93	11153.76
804.12	11182.44
804.30	11187.18
804.49	11162.07
804.67	11165.23
804.85	11202.45
805.04	11210.87
805.22	11222.87
805.41	11203.85
805.59	11204.96
805.78	11236.21
805.96	11228.72
806.15	11215.61
806.33	11210.52
806.51	11200.40
806.70	11218.60
806.88	11230.36
807.07	11203.73
807.25	11235.04
807.44	11220.76
807.62	11235.62
807.80	11230.77
807.99	11217.84
808.17	11215.20
808.36	11225.97
808.54	11207.07
808.73	11196.01
808.91	11192.56
809.09	11214.56
809.28	11218.13
809.46	11233.23
809.65	11222.34
809.83	11228.54
810.01	11248.85
810.20	11247.91
810.38	11223.22
810.57	11232.58
810.75	11227.84
810.93	11249.14
811.12	11248.32
811.30	11229.07
811.49	11232.82
811.67	11240.60
811.85	11235.51
812.04	11222.81
812.22	11211.69
812.41	11221.76
812.59	11229.66
812.77	11214.15
812.96	11226.73
813.14	11233.75
813.32	11234.75
813.51	11241.89
813.69	11231.59
813.88	11221.70
814.06	11246.63
814.24	11225.33
814.43	11216.78
814.61	11208.94
814.79	11201.63
814.98	11202.97
815.16	11212.69
815.34	11188.58
815.53	11180.51
815.71	11176.82
815.89	11176.23
816.08	11167.92
816.26	11154.76
816.45	11164.47
816.63	11171.90
816.81	11187.18
817.00	11175.00
817.18	11183.84
817.36	11188.17
817.55	11172.72
817.73	11139.02
817.91	11110.41
818.10	11091.51
818.28	11104.55
818.46	11062.89
818.65	11044.81
818.83	11033.52
819.01	11048.21
819.19	11064.30
819.38	11067.34
819.56	11027.49
819.74	11013.98
819.93	11010.29
820.11	11027.73
820.29	11012.22
820.48	10995.43
820.66	10951.83
820.84	10961.26
821.03	10989.22
821.21	10986.18
821.39	10964.18
821.57	10965.64
821.76	10972.55
821.94	10991.33
822.12	10992.03
822.31	10986.47
822.49	10942.47
822.67	10957.80
822.85	10953.77
823.04	10946.74
823.22	10931.88
823.40	10909.94
823.59	10887.53
823.77	10899.17
823.95	10856.52
824.13	10832.99
824.32	10795.31
824.50	10803.97
824.68	10821.58
824.87	10830.07
825.05	10832.12
825.23	10836.39
825.41	10834.63
825.60	10825.74
825.78	10802.10
825.96	10764.18
826.14	10755.05
826.33	10739.14
826.51	10721.17
826.69	10703.68
826.87	10696.66
827.06	10692.50
827.24	10664.59
827.42	10622.23
827.60	10619.95
827.79	10629.66
827.97	10608.71
828.15	10593.26
828.33	10588.00
828.51	10596.25
828.70	10603.09
828.88	10582.38
829.06	10572.20
829.24	10576.82
829.43	10577.41
829.61	10554.06
829.79	10542.01
829.97	10543.35
830.15	10530.07
830.34	10498.30
830.52	10474.48
830.70	10465.12
830.88	10454.06
831.06	10432.41
831.25	10410.70
831.43	10399.88
831.61	10401.69
831.79	10386.01
831.98	10338.56
832.16	10328.73
832.34	10296.19
832.52	10282.56
832.70	10267.17
832.88	10218.14
833.07	10204.21
833.25	10222.00
833.43	10188.47
833.61	10215.62
833.79	10197.66
833.98	10190.17
834.16	10211.11
834.34	10216.56
834.52	10206.73
834.70	10207.43
834.88	10194.44
835.07	10197.54
835.25	10196.54
835.43	10187.01
835.61	10182.85
835.79	10171.56
835.97	10167.87
836.16	10143.76
836.34	10118.66
836.52	10100.41
836.70	10086.83
836.88	10065.24
837.06	10063.37
837.24	10048.74
837.43	10060.68
837.61	10049.97
837.79	10026.74
837.97	10016.44
838.15	9996.31
838.33	9970.21
838.51	9964.83
838.70	9950.90
838.88	9939.20
839.06	9946.22
839.24	9933.70
839.42	9924.34
839.60	9895.67
839.78	9880.40
839.96	9861.96
840.15	9857.05
840.33	9844.76
840.51	9835.75
840.69	9823.99
840.87	9811.99
841.05	9815.86
841.23	9793.68
841.41	9775.89
841.59	9754.48
841.78	9722.53
841.96	9725.45
842.14	9734.64
842.32	9694.15
842.50	9696.25
842.68	9690.81
842.86	9690.29
843.04	9694.26
843.22	9677.65
843.40	9683.21
843.59	9681.98
843.77	9673.84
843.95	9661.67
844.13	9645.06
844.31	9638.97
844.49	9632.42
844.67	9617.32
844.85	9612.70
845.03	9590.58
845.21	9586.95
845.39	9566.59
845.57	9551.20
845.75	9552.25
845.94	9522.24
846.12	9512.46
846.30	9500.59
846.48	9488.30
846.66	9488.36
846.84	9471.45
847.02	9444.59
847.20	9440.78
847.38	9434.99
847.56	9437.98
847.74	9414.34
847.92	9409.77
848.10	9405.79
848.28	9387.83
848.46	9354.59
848.64	9334.17
848.82	9309.19
849.00	9280.11
849.18	9254.60
849.36	9233.41
849.54	9227.39
849.72	9229.38
849.90	9216.03
850.08	9214.63
850.27	9207.49
850.45	9203.63
850.63	9201.58
850.81	9164.66
850.99	9169.11
851.17	9161.91
851.35	9128.21
851.53	9131.48
851.71	9117.38
851.89	9105.50
852.07	9116.74
852.25	9096.02
852.43	9077.36
852.61	9084.20
852.79	9054.60
852.97	9035.40
853.15	9033.01
853.33	9009.78
853.51	8992.22
853.69	8992.22
853.87	8968.58
854.05	8964.37
854.23	8959.69
854.41	8951.44
854.59	8936.05
854.76	8920.48
854.94	8910.60
855.12	8898.89
855.30	8887.89
855.48	8886.14
855.66	8841.67
855.84	8844.36
856.02	8841.26
856.20	8808.08
856.38	8800.59
856.56	8788.71
856.74	8766.89
856.92	8763.26
857.10	8749.45
857.28	8735.52
857.46	8733.12
857.64	8721.89
857.82	8709.66
858.00	8694.33
858.18	8693.51
858.36	8672.86
858.54	8647.40
858.72	8646.88
858.89	8624.23
859.07	8626.63
859.25	8606.91
859.43	8576.72
859.61	8570.11
859.79	8562.79
859.97	8539.56
860.15	8523.53
860.33	8502.52
860.51	8479.53
860.69	8469.46
860.87	8434.00
861.05	8432.66
861.23	8393.63
861.40	8385.38
861.58	8356.59
861.76	8337.16
861.94	8335.70
862.12	8352.49
862.30	8317.39
862.48	8316.63
862.66	8311.01
862.84	8298.43
863.02	8297.02
863.19	8272.86
863.37	8240.68
863.55	8254.78
863.73	8239.21
863.91	8203.23
864.09	8193.34
864.27	8177.25
864.45	8155.77
864.63	8136.35
864.80	8086.55
864.98	8070.75
865.16	8060.40
865.34	8047.11
865.52	8025.23
865.70	7999.66
865.88	7975.73
866.06	7963.91
866.23	7960.10
866.41	7930.14
866.59	7903.17
866.77	7874.50
866.95	7860.28
867.13	7842.96
867.31	7825.17
867.48	7796.91
867.66	7782.87
867.84	7783.69
868.02	7778.07
868.20	7745.53
868.38	7717.86
868.55	7697.44
868.73	7681.05
868.91	7665.66
869.09	7640.39
869.27	7625.17
869.45	7626.23
869.62	7631.14
869.80	7622.13
869.98	7593.52
870.16	7577.84
870.34	7544.13
870.52	7514.06
870.69	7500.19
870.87	7484.16
871.05	7469.53
871.23	7456.83
871.41	7468.30
871.58	7466.02
871.76	7459.11
871.94	7455.37
872.12	7453.14
872.30	7455.54
872.48	7445.54
872.65	7426.46
872.83	7420.73
873.01	7428.57
873.19	7412.18
873.37	7376.32
873.54	7350.04
873.72	7328.51
873.90	7308.09
874.08	7293.28
874.25	7270.76
874.43	7287.96
874.61	7286.97
874.79	7281.00
874.97	7298.96
875.14	7307.33
875.32	7307.27
875.50	7320.14
875.68	7296.44
875.85	7294.40
876.03	7300.60
876.21	7269.59
876.39	7256.30
876.56	7257.47
876.74	7240.27
876.92	7230.21
877.10	7240.80
877.28	7251.21
877.45	7268.83
877.63	7272.75
877.81	7269.12
877.99	7273.80
878.16	7272.63
878.34	7275.56
878.52	7270.35
878.69	7277.19
878.87	7273.62
879.05	7283.28
879.23	7281.17
879.40	7296.44
879.58	7288.90
879.76	7275.03
879.94	7281.11
880.11	7296.91
880.29	7282.52
880.47	7299.43
880.65	7291.88
880.82	7303.93
881.00	7324.47
881.18	7341.79
881.35	7326.11
881.53	7329.10
881.71	7313.00
881.89	7332.96
882.06	7308.15
882.24	7294.69
882.42	7288.02
882.59	7307.45
882.77	7299.02
882.95	7313.24
883.12	7302.47
883.30	7323.24
883.48	7324.65
883.65	7313.00
883.83	7300.83
884.01	7327.92
884.19	7308.38
884.36	7304.29
884.54	7310.02
884.72	7324.59
884.89	7321.90
885.07	7326.58
885.25	7321.96
885.42	7340.33
885.60	7339.39
885.78	7346.94
885.95	7337.35
886.13	7361.51
886.31	7370.46
886.48	7363.21
886.66	7370.29
886.84	7381.41
887.01	7393.46
887.19	7403.99
887.37	7397.85
887.54	7386.56
887.72	7396.33
887.90	7372.22
888.07	7374.21
888.25	7365.55
888.42	7353.50
888.60	7347.99
888.78	7367.13
888.95	7366.37
889.13	7398.55
889.31	7413.82
889.48	7432.66
889.66	7452.97
889.84	7459.81
890.01	7450.45
890.19	7463.73
890.36	7442.08
890.54	7426.87
890.72	7408.03
890.89	7392.06
891.07	7385.91
891.24	7389.77
891.42	7373.74
891.60	7389.36
891.77	7420.79
891.95	7414.41
892.13	7420.73
892.30	7419.03
892.48	7412.59
892.65	7423.01
892.83	7422.07
893.01	7402.00
893.18	7408.67
893.36	7404.17
893.53	7404.05
893.71	7425.70
893.88	7423.18
894.06	7426.29
894.24	7417.80
894.41	7421.72
894.59	7419.15
894.76	7419.50
894.94	7403.70
895.12	7399.95
895.29	7393.87
895.47	7399.60
895.64	7382.58
895.82	7379.30
895.99	7390.07
896.17	7393.64
896.34	7397.73
896.52	7398.49
896.70	7381.35
896.87	7381.17
897.05	7389.42
897.22	7388.54
897.40	7378.83
897.57	7375.44
897.75	7398.20
897.92	7399.31
898.10	7399.95
898.28	7389.77
898.45	7378.77
898.63	7381.70
898.80	7378.95
898.98	7343.61
899.15	7334.95
899.33	7336.58
899.50	7342.03
899.68	7332.72
899.85	7319.21
900.03	7302.00
900.20	7295.86
900.38	7307.04
900.55	7295.57
900.73	7290.53
900.90	7296.97
901.08	7300.19
901.25	7311.83
901.43	7305.40
901.60	7293.28
901.78	7289.66
901.95	7282.17
902.13	7269.29
902.30	7257.94
902.48	7257.83
902.65	7256.83
902.83	7251.16
903.00	7241.09
903.18	7235.59
903.35	7215.58
903.53	7204.93
903.70	7187.08
903.88	7191.06
904.05	7178.95
904.23	7152.91
904.40	7132.14
904.58	7117.16
904.75	7124.42
904.93	7109.55
905.10	7089.66
905.28	7082.52
905.45	7097.56
905.63	7089.01
905.80	7083.10
905.98	7063.21
906.15	7059.58
906.32	7044.78
906.50	7034.36
906.67	7026.76
906.85	7022.43
907.02	7016.17
907.20	7005.05
907.37	6988.84
907.55	6980.76
907.72	6988.66
907.89	6972.75
908.07	6975.26
908.24	6985.21
908.42	6979.42
908.59	6979.48
908.77	6976.96
908.94	6956.19
909.12	6945.25
909.29	6935.07
909.46	6919.85
909.64	6900.19
909.81	6892.76
909.99	6887.55
910.16	6871.40
910.33	6867.83
910.51	6841.62
910.68	6831.79
910.86	6823.95
911.03	6818.16
911.21	6793.40
911.38	6777.78
911.55	6758.82
911.73	6735.42
911.90	6737.47
912.08	6709.50
912.25	6666.49
912.42	6664.62
912.60	6651.57
912.77	6643.55
912.95	6647.53
913.12	6610.43
913.29	6611.78
913.47	6611.84
913.64	6581.06
913.81	6573.10
913.99	6546.01
914.16	6536.41
914.34	6519.97
914.51	6493.41
914.68	6477.90
914.86	6468.77
915.03	6455.37
915.20	6436.30
915.38	6414.71
915.55	6401.89
915.72	6397.74
915.90	6379.72
916.07	6357.89
916.25	6334.43
916.42	6351.04
916.59	6334.72
916.77	6317.93
916.94	6313.07
917.11	6310.20
917.29	6291.77
917.46	6283.23
917.63	6247.88
917.81	6230.74
917.98	6224.07
918.15	6207.33
918.33	6190.19
918.50	6198.38
918.67	6176.85
918.85	6168.13
919.02	6159.35
919.19	6137.65
919.37	6121.55
919.54	6096.57
919.71	6087.91
919.89	6074.57
920.06	6059.82
920.23	6053.21
920.40	6049.58
920.58	6017.75
920.75	6020.15
920.92	5989.02
921.10	5981.82
921.27	5966.73
921.44	5966.44
921.62	5944.08
921.79	5947.65
921.96	5934.60
922.13	5928.17
922.31	5898.50
922.48	5874.92
922.65	5844.90
922.83	5840.87
923.00	5814.77
923.17	5799.03
923.34	5782.82
923.52	5788.79
923.69	5797.68
923.86	5769.07
924.04	5763.69
924.21	5764.62
924.38	5738.64
924.55	5741.92
924.73	5719.16
924.90	5699.91
925.07	5690.13
925.24	5656.43
925.42	5632.15
925.59	5614.24
925.76	5583.76
925.93	5568.43
926.11	5547.89
926.28	5524.95
926.45	5524.48
926.62	5511.73
926.80	5496.81
926.97	5475.57
927.14	5452.39
927.31	5431.56
927.49	5452.04
927.66	5425.71
927.83	5412.02
928.00	5401.49
928.18	5406.93
928.35	5407.75
928.52	5388.97
928.69	5348.01
928.86	5336.77
929.04	5330.34
929.21	5313.25
929.38	5288.97
929.55	5273.34
929.73	5282.24
929.90	5268.55
930.07	5257.90
930.24	5240.46
930.41	5236.54
930.59	5208.34
930.76	5198.10
930.93	5168.78
931.10	5151.81
931.27	5130.16
931.45	5111.73
931.62	5093.36
931.79	5093.30
931.96	5072.23
932.13	5059.24
932.30	5057.43
932.48	5042.04
932.65	5035.25
932.82	5020.51
932.99	5005.00
933.16	4981.65
933.34	4977.03
933.51	4962.52
933.68	4951.64
933.85	4933.15
934.02	4917.76
934.19	4915.71
934.37	4908.86
934.54	4878.79
934.71	4859.24
934.88	4853.69
935.05	4843.80
935.22	4814.95
935.39	4785.69
935.57	4786.10
935.74	4781.54
935.91	4780.02
936.08	4761.41
936.25	4737.01
936.42	4748.30
936.59	4730.69
936.77	4712.38
936.94	4690.78
937.11	4651.11
937.28	4639.64
937.45	4631.04
937.62	4613.78
937.79	4598.92
937.96	4587.10
938.14	4581.42
938.31	4596.46
938.48	4585.93
938.65	4581.77
938.82	4586.22
938.99	4586.34
939.16	4577.97
939.33	4566.62
939.50	4557.67
939.68	4546.84
939.85	4525.25
940.02	4488.85
940.19	4480.66
940.36	4480.31
940.53	4471.48
940.70	4451.29
940.87	4436.72
941.04	4425.66
941.21	4409.57
941.39	4395.64
941.56	4369.49
941.73	4352.46
941.90	4339.88
942.07	4341.75
942.24	4328.76
942.41	4316.42
942.58	4297.28
942.75	4273.82
942.92	4260.42
943.09	4232.68
943.26	4215.07
943.43	4201.14
943.60	4196.81
943.78	4185.11
943.95	4176.04
944.12	4164.28
944.29	4159.48
944.46	4136.66
944.63	4133.62
944.80	4117.65
944.97	4117.76
945.14	4112.67
945.31	4097.40
945.48	4088.45
945.65	4079.14
945.82	4062.23
945.99	4054.10
946.16	4024.20
946.33	4005.65
946.50	3992.90
946.67	3976.98
946.84	3954.28
947.01	3943.51
947.18	3935.38
947.35	3936.90
947.52	3927.54
947.69	3925.02
947.86	3914.14
948.03	3911.56
948.20	3890.79
948.37	3878.21
948.54	3853.40
948.71	3848.89
948.88	3821.63
949.05	3815.07
949.22	3798.75
949.39	3797.75
949.56	3779.91
949.73	3766.86
949.90	3749.60
950.07	3751.59
950.24	3749.48
950.41	3746.20
950.58	3730.40
950.75	3738.65
950.92	3728.06
951.09	3720.69
951.26	3708.58
951.43	3680.84
951.60	3674.06
951.77	3669.26
951.94	3646.91
952.11	3638.54
952.28	3618.99
952.45	3610.63
952.62	3615.13
952.79	3594.95
952.96	3581.08
953.13	3573.12
953.30	3569.73
953.47	3559.37
953.64	3540.47
953.81	3535.38
953.98	3521.69
954.15	3507.12
954.32	3499.04
954.49	3480.32
954.65	3489.62
954.82	3484.18
954.99	3453.81
955.16	3453.69
955.33	3446.03
955.50	3443.98
955.67	3436.32
955.84	3408.52
956.01	3401.44
956.18	3397.17
956.35	3376.69
956.52	3374.64
956.69	3346.85
956.86	3348.08
957.02	3340.41
957.19	3330.06
957.36	3328.42
957.53	3322.68
957.70	3309.69
957.87	3310.16
958.04	3298.40
958.21	3287.46
958.38	3281.55
958.55	3263.00
958.71	3260.25
958.88	3262.24
959.05	3257.38
959.22	3244.74
959.39	3238.77
959.56	3227.54
959.73	3226.72
959.90	3215.78
960.07	3192.72
960.23	3177.39
960.40	3178.04
960.57	3174.18
960.74	3163.23
960.91	3154.40
961.08	3146.85
961.25	3138.89
961.42	3126.49
961.58	3098.75
961.75	3076.69
961.92	3064.40
962.09	3062.24
962.26	3045.62
962.43	3035.15
962.60	3027.48
962.76	3017.36
962.93	3007.47
963.10	2994.83
963.27	2976.52
963.44	2974.47
963.61	2959.43
963.77	2947.67
963.94	2950.54
964.11	2945.27
964.28	2938.43
964.45	2930.47
964.62	2910.11
964.78	2906.01
964.95	2895.30
965.12	2880.73
965.29	2870.32
965.46	2868.91
965.63	2853.00
965.79	2855.80
965.96	2853.11
966.13	2843.75
966.30	2832.98
966.47	2825.90
966.63	2816.72
966.80	2813.68
966.97	2801.39
967.14	2785.94
967.31	2773.71
967.47	2765.23
967.64	2752.70
967.81	2731.05
967.98	2721.28
968.15	2714.26
968.31	2698.58
968.48	2688.34
968.65	2681.55
968.82	2677.51
968.99	2677.75
969.15	2666.40
969.32	2657.27
969.49	2655.28
969.66	2651.12
969.82	2640.71
969.99	2629.65
970.16	2622.80
970.33	2609.70
970.49	2603.79
970.66	2589.98
970.83	2584.01
971.00	2577.22
971.17	2563.94
971.33	2552.41
971.50	2545.22
971.67	2531.41
971.84	2529.83
972.00	2524.62
972.17	2505.02
972.34	2500.04
972.50	2495.83
972.67	2487.52
972.84	2481.03
973.01	2469.09
973.17	2455.28
973.34	2456.98
973.51	2449.78
973.68	2439.66
973.84	2433.10
974.01	2416.37
974.18	2417.60
974.35	2414.20
974.51	2405.90
974.68	2407.88
974.85	2393.67
975.01	2383.25
975.18	2387.52
975.35	2380.32
975.52	2370.14
975.68	2359.61
975.85	2350.95
976.02	2345.98
976.18	2345.45
976.35	2330.59
976.52	2312.98
976.68	2308.18
976.85	2298.05
977.02	2279.10
977.18	2263.77
977.35	2252.24
977.52	2240.65
977.69	2237.90
977.85	2226.67
978.02	2216.43
978.19	2208.94
978.35	2212.98
978.52	2206.95
978.69	2203.56
978.85	2192.03
979.02	2174.59
979.19	2175.76
979.35	2171.49
979.52	2154.99
979.69	2149.72
979.85	2133.57
980.02	2124.33
980.19	2124.86
980.35	2120.00
980.52	2120.00
980.68	2118.65
980.85	2106.31
981.02	2114.62
981.18	2109.06
981.35	2096.83
981.52	2091.44
981.68	2073.42
981.85	2063.83
982.02	2055.17
982.18	2036.85
982.35	2020.76
982.51	2027.84
982.68	2014.27
982.85	2018.24
983.01	2020.17
983.18	2012.86
983.35	1999.46
983.51	2002.45
983.68	1980.80
983.84	1970.97
984.01	1959.26
984.18	1944.52
984.34	1934.28
984.51	1932.52
984.67	1918.13
984.84	1916.43
985.01	1910.40
985.17	1897.41
985.34	1889.98
985.50	1889.87
985.67	1884.83
985.84	1884.72
986.00	1872.78
986.17	1861.84
986.33	1854.46
986.50	1848.67
986.67	1844.11
986.83	1842.24
987.00	1829.60
987.16	1824.97
987.33	1820.00
987.49	1811.17
987.66	1808.65
987.83	1796.95
987.99	1790.33
988.16	1790.86
988.32	1786.24
988.49	1787.35
988.65	1774.24
988.82	1763.59
988.98	1752.13
989.15	1742.82
989.32	1734.16
989.48	1721.05
989.65	1710.17
989.81	1707.30
989.98	1698.41
990.14	1698.53
990.31	1690.63
990.47	1686.41
990.64	1687.99
990.80	1678.22
990.97	1677.75
991.13	1670.32
991.30	1660.14
991.47	1657.80
991.63	1651.42
991.80	1642.24
991.96	1639.37
992.13	1633.52
992.29	1627.43
992.46	1624.39
992.62	1615.09
992.79	1600.46
992.95	1595.72
993.12	1585.01
993.28	1580.45
993.45	1575.18
993.61	1571.61
993.78	1564.53
993.94	1560.44
994.11	1545.28
994.27	1539.60
994.44	1532.17
994.60	1538.32
994.77	1522.64
994.93	1514.85
995.10	1507.54
995.26	1513.33
995.43	1506.95
995.59	1501.75
995.76	1482.50
995.92	1477.11
996.08	1478.34
996.25	1471.44
996.41	1462.13
996.58	1464.88
996.74	1453.59
996.91	1443.58
997.07	1436.50
997.24	1420.41
997.40	1422.52
997.57	1420.24
997.73	1404.32
997.90	1407.77
998.06	1408.07
998.22	1398.29
998.39	1401.45
998.55	1397.83
998.72	1388.99
998.88	1390.63
999.05	1376.76
999.21	1368.75
999.37	1365.59
999.54	1351.13
999.70	1340.66
999.87	1331.24
1000.03	1312.98
1000.20	1301.92
1000.36	1295.90
1000.52	1293.20
1000.69	1288.93
1000.85	1275.83
1001.02	1271.55
1001.18	1277.17
1001.35	1277.11
1001.51	1272.49
1001.67	1266.87
1001.84	1261.67
1002.00	1259.91
1002.17	1255.00
1002.33	1245.75
1002.49	1244.81
1002.66	1236.51
1002.82	1234.52
1002.99	1226.44
1003.15	1223.92
1003.31	1217.31
1003.48	1203.74
1003.64	1200.17
1003.80	1192.03
1003.97	1183.43
1004.13	1181.15
1004.30	1174.89
1004.46	1170.15
1004.62	1172.84
1004.79	1155.41
1004.95	1153.77
1005.11	1146.28
1005.28	1136.97
1005.44	1131.77
1005.60	1121.00
1005.77	1119.77
1005.93	1125.04
1006.10	1118.37
1006.26	1120.88
1006.42	1121.23
1006.59	1112.16
1006.75	1110.12
1006.91	1090.81
1007.08	1080.22
1007.24	1079.16
1007.40	1071.38
1007.57	1064.59
1007.73	1060.79
1007.89	1056.81
1008.06	1064.59
1008.22	1061.02
1008.38	1053.18
1008.55	1038.73
1008.71	1037.56
1008.87	1038.03
1009.04	1035.86
1009.20	1031.42
1009.36	1030.30
1009.53	1031.88
1009.69	1043.41
1009.85	1035.75
1010.01	1033.23
1010.18	1034.28
1010.34	1036.16
1010.50	1018.78
1010.67	1010.76
1010.83	992.80
1010.99	988.58
1011.16	977.64
1011.32	964.36
1011.48	950.84
1011.64	962.31
1011.81	954.47
1011.97	947.74
1012.13	947.33
1012.30	933.93
1012.46	926.91
1012.62	915.44
1012.78	901.52
1012.95	897.19
1013.11	899.70
1013.27	885.95
1013.43	889.81
1013.60	883.79
1013.76	887.00
1013.92	892.74
1014.09	881.39
1014.25	876.47
1014.41	877.88
1014.57	870.21
1014.74	868.34
1014.90	859.74
1015.06	847.22
1015.22	848.80
1015.39	839.32
1015.55	827.61
1015.71	825.10
1015.87	820.94
1016.03	816.50
1016.20	822.29
1016.36	811.76
1016.52	810.00
1016.68	809.71
1016.85	800.23
1017.01	796.31
1017.17	791.45
1017.33	774.25
1017.50	777.58
1017.66	776.71
1017.82	779.81
1017.98	780.16
1018.14	780.10
1018.31	773.90
1018.47	774.78
1018.63	779.16
1018.79	777.53
1018.95	768.05
1019.12	762.08
1019.28	751.25
1019.44	753.54
1019.60	755.99
1019.76	742.48
1019.93	732.47
1020.09	721.82
1020.25	727.91
1020.41	724.92
1020.57	720.83
1020.73	707.84
1020.90	702.57
1021.06	700.00
1021.22	701.22
1021.38	686.30
1021.54	685.95
1021.71	680.80
1021.87	674.02
1022.03	669.45
1022.19	669.69
1022.35	664.07
1022.51	664.83
1022.67	660.73
1022.84	661.03
1023.00	665.88
1023.16	669.04
1023.32	655.88
1023.48	650.14
1023.64	642.65
1023.81	641.01
1023.97	630.72
1024.13	623.75
1024.29	613.92
1024.45	626.03
1024.61	631.30
1024.77	633.93
1024.93	627.61
1025.10	629.37
1025.26	626.03
1025.42	619.95
1025.58	609.12
1025.74	601.28
1025.90	595.96
1026.06	597.77
1026.22	590.34
1026.39	585.43
1026.55	590.34
1026.71	586.36
1026.87	585.08
1027.03	579.11
1027.19	570.51
1027.35	573.84
1027.51	570.74
1027.67	560.85
1027.83	558.74
1028.00	559.33
1028.16	562.72
1028.32	557.69
1028.48	550.49
1028.64	545.23
1028.80	548.80
1028.96	545.99
1029.12	535.92
1029.28	526.97
1029.44	529.37
1029.60	527.85
1029.76	519.95
1029.92	514.98
1030.09	508.07
1030.25	503.45
1030.41	498.36
1030.57	493.85
1030.73	487.07
1030.89	488.76
1031.05	485.84
1031.21	487.12
1031.37	487.01
1031.53	482.56
1031.69	482.50
1031.85	484.20
1032.01	484.67
1032.17	483.26
1032.33	481.45
1032.49	484.78
1032.65	489.99
1032.81	480.34
1032.97	470.56
1033.13	465.59
1033.29	467.93
1033.45	463.78
1033.62	452.95
1033.78	442.60
1033.94	439.55
1034.10	442.77
1034.26	437.50
1034.42	428.03
1034.58	430.83
1034.74	430.37
1034.90	432.47
1035.06	434.75
1035.22	423.29
1035.38	428.90
1035.54	422.29
1035.70	413.81
1035.86	409.18
1036.02	399.06
1036.18	393.97
1036.34	395.78
1036.50	389.64
1036.66	393.68
1036.82	389.17
1036.98	384.14
1037.14	393.39
1037.30	388.70
1037.45	389.11
1037.61	386.89
1037.77	382.85
1037.93	381.57
1038.09	380.63
1038.25	375.66
1038.41	380.04
1038.57	376.53
1038.73	370.16
1038.89	374.54
1039.05	374.08
1039.21	374.84
1039.37	367.52
1039.53	361.50
1039.69	362.78
1039.85	366.76
1040.01	355.59
1040.17	350.90
1040.33	352.78
1040.49	350.09
1040.65	349.50
1040.81	350.96
1040.96	345.17
1041.12	338.79
1041.28	374.37
1041.44	332.18
1041.60	296.96