345.33	16.38
345.55	16.38
345.77	16.38
345.98	16.38
346.20	-8.19
346.42	-34.82
346.64	-73.73
346.86	-81.92
347.08	24.58
347.29	-20.48
347.51	-40.96
347.73	-63.49
347.95	-34.82
348.17	53.25
348.38	30.72
348.60	28.67
348.82	100.35
349.04	63.49
349.26	53.25
349.48	92.16
349.69	-10.24
349.91	47.10
350.13	4.10
350.35	20.48
350.57	83.97
350.78	-81.92
351.00	-51.20
351.22	-10.24
351.44	43.01
351.66	61.44
351.87	12.29
352.09	110.59
352.31	14.34
352.53	-18.43
352.75	51.20
352.96	77.82
353.18	-45.06
353.40	-2.05
353.62	40.96
353.84	-2.05
354.05	38.91
354.27	57.34
354.49	83.97
354.71	18.43
354.92	2.05
355.14	77.82
355.36	108.54
355.58	18.43
355.80	10.24
356.01	-12.29
356.23	8.19
356.45	-2.05
356.67	47.10
356.88	30.72
357.10	100.35
357.32	65.53
357.54	96.25
357.75	-6.14
357.97	-22.53
358.19	-38.91
358.41	79.87
358.62	110.59
358.84	49.15
359.06	49.15
359.28	79.87
359.49	34.82
359.71	47.10
359.93	73.73
360.15	-6.14
360.36	98.30
360.58	26.62
360.80	22.53
361.02	14.34
361.23	18.43
361.45	79.87
361.67	12.29
361.89	32.77
362.10	69.63
362.32	24.58
362.54	18.43
362.76	63.49
362.97	-12.29
363.19	38.91
363.41	8.19
363.63	-47.10
363.84	90.11
364.06	88.06
364.28	75.77
364.49	112.64
364.71	53.25
364.93	71.68
365.15	53.25
365.36	65.53
365.58	28.67
365.80	73.73
366.01	22.53
366.23	34.82
366.45	12.29
366.67	24.58
366.88	69.63
367.10	4.10
367.32	131.07
367.53	38.91
367.75	38.91
367.97	79.87
368.19	-24.58
368.40	92.16
368.62	104.45
368.84	-18.43
369.05	30.72
369.27	77.82
369.49	161.79
369.70	-18.43
369.92	53.25
370.14	90.11
370.35	-63.49
370.57	102.40
370.79	81.92
371.01	20.48
371.22	-12.29
371.44	49.15
371.66	34.82
371.87	34.82
372.09	8.19
372.31	83.97
372.52	63.49
372.74	77.82
372.96	112.64
373.17	69.63
373.39	90.11
373.61	10.24
373.82	0.00
374.04	65.54
374.26	63.49
374.47	145.41
374.69	180.22
374.91	24.58
375.12	55.30
375.34	-4.10
375.56	104.45
375.77	-30.72
375.99	110.59
376.21	53.25
376.42	141.31
376.64	190.46
376.86	90.11
377.07	49.15
377.29	120.83
377.50	67.58
377.72	83.97
377.94	63.49
378.15	100.35
378.37	63.49
378.59	143.36
378.80	43.01
379.02	81.92
379.24	69.63
379.45	122.88
379.67	43.01
379.88	135.17
380.10	133.12
380.32	28.67
380.53	149.50
380.75	141.31
380.97	157.69
381.18	96.25
381.40	36.86
381.61	102.40
381.83	71.68
382.05	192.51
382.26	61.44
382.48	40.96
382.70	161.79
382.91	124.93
383.13	102.40
383.34	75.77
383.56	135.17
383.78	18.43
383.99	112.64
384.21	38.91
384.42	118.78
384.64	100.35
384.86	120.83
385.07	98.30
385.29	157.69
385.50	165.89
385.72	98.30
385.94	86.01
386.15	157.69
386.37	135.17
386.58	61.44
386.80	92.16
387.02	155.65
387.23	94.21
387.45	169.98
387.66	178.17
387.88	196.61
388.09	79.87
388.31	131.07
388.53	116.73
388.74	174.08
388.96	51.20
389.17	174.08
389.39	135.17
389.60	88.06
389.82	100.35
390.04	43.01
390.25	196.61
390.47	165.89
390.68	124.93
390.90	172.03
391.11	36.86
391.33	157.69
391.55	143.36
391.76	59.39
391.98	274.43
392.19	116.73
392.41	192.51
392.62	221.18
392.84	229.37
393.05	151.55
393.27	122.88
393.49	112.64
393.70	167.93
393.92	124.93
394.13	169.98
394.35	147.45
394.56	188.41
394.78	94.21
394.99	110.59
395.21	102.40
395.42	225.28
395.64	106.49
395.86	114.69
396.07	194.56
396.29	98.30
396.50	147.45
396.72	301.05
396.93	129.02
397.15	126.97
397.36	223.23
397.58	131.07
397.79	196.61
398.01	182.27
398.22	190.46
398.44	163.84
398.65	208.89
398.87	163.84
399.08	212.99
399.30	169.98
399.51	268.28
399.73	188.41
399.94	233.47
400.16	182.27
400.37	217.08
400.59	188.41
400.80	174.08
401.02	165.89
401.23	165.89
401.45	260.09
401.66	182.27
401.88	208.89
402.09	206.84
402.31	155.65
402.52	239.61
402.74	182.27
402.95	280.57
403.17	280.57
403.38	282.62
403.60	225.28
403.81	256.00
404.03	217.08
404.24	237.56
404.46	239.61
404.67	247.80
404.89	272.38
405.10	299.00
405.32	245.76
405.53	217.08
405.75	282.62
405.96	112.64
406.18	319.48
406.39	292.86
406.61	264.19
406.82	227.32
407.03	198.65
407.25	327.67
407.46	313.34
407.68	325.63
407.89	266.24
408.11	309.24
408.32	243.71
408.54	276.48
408.75	296.96
408.97	325.63
409.18	454.65
409.40	380.92
409.61	155.65
409.82	350.20
410.04	309.24
410.25	286.72
410.47	258.04
410.68	372.73
410.90	333.82
411.11	348.15
411.33	360.44
411.54	393.21
411.75	225.28
411.97	354.30
412.18	294.91
412.40	323.58
412.61	325.63
412.83	333.82
413.04	335.87
413.25	364.54
413.47	409.59
413.68	227.32
413.90	397.31
414.11	378.87
414.33	421.88
414.54	380.92
414.75	313.34
414.97	358.39
415.18	387.07
415.40	358.39
415.61	364.54
415.82	352.25
416.04	376.83
416.25	321.53
416.47	368.63
416.68	319.48
416.89	233.47
417.11	372.73
417.32	360.44
417.54	428.03
417.75	370.68
417.96	362.49
418.18	303.10
418.39	444.41
418.61	415.74
418.82	360.44
419.03	395.26
419.25	434.17
419.46	434.17
419.68	395.26
419.89	446.46
420.10	393.21
420.32	352.25
420.53	448.51
420.74	419.83
420.96	358.39
421.17	442.36
421.39	489.46
421.60	428.03
421.81	460.79
422.03	356.35
422.24	413.69
422.45	514.04
422.67	450.55
422.88	432.12
423.10	428.03
423.31	413.69
423.52	397.31
423.74	583.67
423.95	514.04
424.16	440.31
424.38	444.41
424.59	473.08
424.80	415.74
425.02	501.75
425.23	497.66
425.45	442.36
425.66	548.86
425.87	395.26
426.09	436.22
426.30	454.65
426.51	442.36
426.73	481.27
426.94	483.32
427.15	546.81
427.37	501.75
427.58	403.45
427.79	446.46
428.01	464.89
428.22	516.09
428.43	423.93
428.65	567.29
428.86	659.45
429.07	487.42
429.29	485.37
429.50	575.48
429.71	632.82
429.93	628.73
430.14	589.81
430.35	524.28
430.57	550.90
430.78	604.15
430.99	702.45
431.20	653.30
431.42	548.86
431.63	561.14
431.84	536.57
432.06	514.04
432.27	665.59
432.48	456.70
432.70	669.69
432.91	575.48
433.12	573.43
433.34	483.32
433.55	579.58
433.76	702.45
433.97	608.25
434.19	583.67
434.40	661.49
434.61	610.29
434.83	751.60
435.04	645.11
435.25	763.89
435.46	577.53
435.68	788.47
435.89	681.97
436.10	628.73
436.32	681.97
436.53	651.25
436.74	690.17
436.95	903.15
437.17	626.68
437.38	679.93
437.59	753.65
437.81	677.88
438.02	651.25
438.23	743.41
438.44	704.50
438.66	749.56
438.87	733.17
439.08	854.00
439.29	753.65
439.51	690.17
439.72	806.90
439.93	772.08
440.14	739.32
440.36	780.28
440.57	874.48
440.78	804.85
440.99	774.13
441.21	790.52
441.42	755.70
441.63	796.66
441.84	724.98
442.06	802.80
442.27	819.19
442.48	878.58
442.69	839.67
442.91	858.10
443.12	819.19
443.33	921.59
443.54	874.48
443.76	882.67
443.97	829.43
444.18	882.67
444.39	776.18
444.61	894.96
444.82	808.95
445.03	892.91
445.24	946.16
445.45	946.16
445.67	921.59
445.88	970.74
446.09	948.21
446.30	894.96
446.52	909.30
446.73	849.91
446.94	935.92
447.15	884.72
447.36	784.37
447.58	911.35
447.79	1023.98
448.00	917.49
448.21	942.07
448.42	972.79
448.64	927.73
448.85	962.55
449.06	911.35
449.27	1107.95
449.48	854.00
449.70	909.30
449.91	964.59
450.12	954.35
450.33	985.07
450.54	1011.70
450.76	1066.99
450.97	976.88
451.18	1034.22
451.39	1130.48
451.60	1099.76
451.82	905.20
452.03	1017.84
452.24	1120.24
452.45	1005.55
452.66	1163.25
452.87	985.07
453.09	944.11
453.30	1120.24
453.51	1064.94
453.72	1044.46
453.93	1030.13
454.14	1062.90
454.36	1107.95
454.57	1093.62
454.78	1038.32
454.99	1054.70
455.20	1191.92
455.41	1138.67
455.63	1155.05
455.84	1071.09
456.05	1122.29
456.26	1269.74
456.47	1146.86
456.68	1130.48
456.89	1204.21
457.11	1122.29
457.32	1165.29
457.53	1212.40
457.74	1306.60
457.95	1245.16
458.16	1177.58
458.38	1257.45
458.59	1224.69
458.80	1261.55
459.01	1279.98
459.22	1265.64
459.43	1257.45
459.64	1146.86
459.85	1177.58
460.07	1314.80
460.28	1294.32
460.49	1349.61
460.70	1257.45
460.91	1388.52
461.12	1103.86
461.33	1308.65
461.54	1222.64
461.76	1296.36
461.97	1261.55
462.18	1302.51
462.39	1310.70
462.60	1468.39
462.81	1271.79
463.02	1296.36
463.23	1363.95
463.44	1337.32
463.66	1454.06
463.87	1472.49
464.08	1400.81
464.29	1447.91
464.50	1538.02
464.71	1382.38
464.92	1437.67
465.13	1601.51
465.34	1525.74
465.55	1503.21
465.77	1449.96
465.98	1708.01
466.19	1533.93
466.40	1460.20
466.61	1554.41
466.82	1617.90
467.03	1509.35
467.24	1728.49
467.45	1652.71
467.66	1742.82
467.87	1796.07
468.08	1705.96
468.30	1724.39
468.51	1751.01
468.72	1849.32
468.93	1832.93
469.14	1738.73
469.35	1916.90
469.56	1873.89
469.77	1853.41
469.98	1923.04
470.19	1877.99
470.40	1953.76
470.61	1951.71
470.82	1964.00
471.03	1982.43
471.24	2043.87
471.46	2101.22
471.67	1959.91
471.88	2133.98
472.09	1951.71
472.30	2058.21
472.51	2166.75
472.72	2138.08
472.93	2127.84
473.14	2205.66
473.35	2197.47
473.56	2314.20
473.77	2279.39
473.98	2176.99
474.19	2375.64
474.40	2445.27
474.61	2328.54
474.82	2394.08
475.03	2473.95
475.24	2441.18
475.45	2463.71
475.66	2527.19
475.87	2473.95
476.08	2484.19
476.29	2531.29
476.50	2543.58
476.71	2562.01
476.92	2619.35
477.13	2512.86
477.34	2691.03
477.55	2766.81
477.77	2754.52
477.98	2824.15
478.19	2762.71
478.40	2830.29
478.61	2942.93
478.82	2959.31
479.03	2901.97
479.24	2967.51
479.45	2867.16
479.66	2887.64
479.87	2824.15
480.08	2955.22
480.29	3016.66
480.50	2944.98
480.71	3157.97
480.92	2963.41
481.13	3170.26
481.34	3284.94
481.55	3262.41
481.75	3184.59
481.96	3338.19
482.17	3262.41
482.38	3129.30
482.59	3514.31
482.80	3485.64
483.01	3258.32
483.22	3448.78
483.43	3434.44
483.64	3465.16
483.85	3559.37
484.06	3516.36
484.27	3741.64
484.48	3491.79
484.69	3594.19
484.90	3661.77
485.11	3581.90
485.32	3592.14
485.53	3567.56
485.74	3706.82
485.95	3739.59
486.16	3741.64
486.37	3805.13
486.58	3907.52
486.79	3747.78
487.00	3655.62
487.21	4081.60
487.42	3993.54
487.63	3801.03
487.84	4030.40
488.04	4040.64
488.25	4073.41
488.46	3854.28
488.67	4065.22
488.88	4034.50
489.09	4052.93
489.30	4032.45
489.51	4016.07
489.72	4054.98
489.93	4184.00
490.14	4106.18
490.35	4140.99
490.56	4210.62
490.77	4054.98
490.98	4251.58
491.18	4204.48
491.39	4304.83
491.60	4302.78
491.81	4333.50
492.02	4282.30
492.23	4317.12
492.44	4419.52
492.65	4358.08
492.86	4411.32
493.07	4276.16
493.28	4521.92
493.49	4605.88
493.69	4620.22
493.90	4517.82
494.11	4622.27
494.32	4693.94
494.53	4450.24
494.74	4718.52
494.95	4595.64
495.16	4671.42
495.37	4718.52
495.58	4644.79
495.78	4634.55
495.99	4884.41
496.20	4759.48
496.41	4767.67
496.62	4751.29
496.83	4818.87
497.04	4831.16
497.25	4906.93
497.46	4775.86
497.66	4812.73
497.87	4913.08
498.08	4951.99
498.29	5113.78
498.50	4997.04
498.71	4880.31
498.92	5064.63
499.13	4960.18
499.33	4941.75
499.54	5169.07
499.75	5074.87
499.96	5175.22
500.17	5226.42
500.38	5095.35
500.59	5314.48
500.79	5115.83
501.00	5246.90
501.21	5298.10
501.42	5404.59
501.63	5345.20
501.84	5332.91
502.05	5269.42
502.25	5414.83
502.46	5351.34
502.67	5363.63
502.88	5455.79
503.09	5382.06
503.30	5576.62
503.50	5586.86
503.71	5519.28
503.92	5550.00
504.13	5568.43
504.34	5668.78
504.55	5633.96
504.75	5570.47
504.96	5633.96
505.17	5859.24
505.38	5685.16
505.59	5760.94
505.80	5752.74
506.00	5824.42
506.21	5715.88
506.42	5738.41
506.63	5703.59
506.84	5963.68
507.05	5828.52
507.25	5781.42
507.46	5724.07
507.67	5857.19
507.88	5996.45
508.09	5918.63
508.29	5969.83
508.50	6178.72
508.71	6037.41
508.92	6129.57
509.13	6023.08
509.33	5988.26
509.54	5945.25
509.75	6160.29
509.96	6295.46
510.17	6246.30
510.37	6221.73
510.58	6172.58
510.79	6150.05
511.00	6223.78
511.21	6266.78
511.41	6281.12
511.62	6281.12
511.83	6342.56
512.04	6262.69
512.25	6461.34
512.45	6299.55
512.66	6399.90
512.87	6557.60
513.08	6442.91
513.28	6479.77
513.49	6373.28
513.70	6459.29
513.91	6596.51
514.11	6629.27
514.32	6649.75
514.53	6612.89
514.74	6727.58
514.95	6676.38
515.15	6700.95
515.36	6653.85
515.57	6625.18
515.78	6760.34
515.98	6821.78
516.19	6786.97
516.40	6758.30
516.61	6766.49
516.81	6756.25
517.02	6852.50
517.23	6909.85
517.44	7045.01
517.64	6948.76
517.85	7016.34
518.06	6981.53
518.27	6995.86
518.47	7092.12
518.68	7149.46
518.89	7016.34
519.09	7094.16
519.30	7206.80
519.51	6952.85
519.72	7329.68
519.92	7088.02
520.13	7094.16
520.34	7083.92
520.55	7294.86
520.75	7346.06
520.96	7292.82
521.17	7331.73
521.37	7282.58
521.58	7311.25
521.79	7366.54
522.00	7344.02
522.20	7092.12
522.41	7442.32
522.62	7374.74
522.82	7475.09
523.03	7507.85
523.24	7499.66
523.45	7243.67
523.65	7493.52
523.86	7393.17
524.07	7503.76
524.27	7511.95
524.48	7575.44
524.69	7432.08
524.89	7532.43
525.10	7356.30
525.31	7624.59
525.52	7571.34
525.72	7686.03
525.93	7589.77
526.14	7454.61
526.34	7536.52
526.55	7624.59
526.76	7614.35
526.96	7614.35
527.17	7716.75
527.38	7743.37
527.58	7937.93
527.79	7690.12
528.00	7939.97
528.20	7745.42
528.41	7659.40
528.62	7710.60
528.82	8046.47
529.03	7659.40
529.24	7813.00
529.44	7741.32
529.65	7731.08
529.86	7899.02
530.06	7876.49
530.27	7790.47
530.48	7964.55
530.68	7817.10
530.89	7815.05
531.10	7931.78
531.30	7907.21
531.51	7962.50
531.72	7813.00
531.92	8030.09
532.13	7800.71
532.33	8296.32
532.54	7925.64
532.75	8023.94
532.95	8171.40
533.16	7989.13
533.37	7913.35
533.57	8064.90
533.78	8054.66
533.99	8169.35
534.19	8304.51
534.40	8163.20
534.60	7923.59
534.81	8189.83
535.02	7925.64
535.22	8204.16
535.43	8247.17
535.64	8195.97
535.84	8343.42
536.05	8081.28
536.25	8175.49
536.46	8210.31
536.67	8378.24
536.87	8445.82
537.08	8335.23
537.28	8480.64
537.49	8378.24
537.70	8640.38
537.90	8478.59
538.11	8464.25
538.32	8449.92
538.52	8595.32
538.73	8308.61
538.93	8546.17
539.14	8417.15
539.34	8408.96
539.55	8662.91
539.76	8617.85
539.96	8687.48
540.17	8714.11
540.37	8667.00
540.58	8746.87
540.79	8802.17
540.99	8552.32
541.20	8712.06
541.40	9015.16
541.61	8603.52
541.81	8861.56
542.02	8750.97
542.23	8873.85
542.43	8832.89
542.64	9047.93
542.84	8757.11
543.05	8839.03
543.25	8966.01
543.46	8843.13
543.67	9054.07
543.87	9041.78
544.08	8855.42
544.28	9176.95
544.49	9215.86
544.69	9095.03
544.90	9070.45
545.11	8974.20
545.31	9193.33
545.52	9420.66
545.72	9191.28
545.93	9133.94
546.13	9160.56
546.34	9195.38
546.54	9293.68
546.75	9211.76
546.95	9402.22
547.16	9256.82
547.36	9314.16
547.57	9262.96
547.78	9455.47
547.98	9369.46
548.19	9574.25
548.39	9334.64
548.60	9582.45
548.80	9537.39
549.01	9494.38
549.21	9590.64
549.42	9539.44
549.62	9877.35
549.83	9525.10
550.03	9639.79
550.24	9656.17
550.44	9586.54
550.65	9783.15
550.85	9824.11
551.06	9893.74
551.26	9963.37
551.47	9873.26
551.67	9975.66
551.88	9777.00
552.08	10112.87
552.29	9832.30
552.49	9885.55
552.70	9777.00
552.90	10119.01
553.11	10231.65
553.31	10135.40
553.52	10016.62
553.72	10205.03
553.93	10073.96
554.13	10055.53
554.34	10174.31
554.54	10104.68
554.75	10297.19
554.95	10202.98
555.16	10274.66
555.36	10407.78
555.57	10358.63
555.77	10073.96
555.98	10305.38
556.18	10532.70
556.39	10497.89
556.59	10434.40
556.80	10375.01
557.00	10575.71
557.21	10254.18
557.41	10655.58
557.61	10428.26
557.82	10538.85
558.02	10542.94
558.23	10575.71
558.43	10518.37
558.64	10733.40
558.84	10465.12
559.05	10714.97
559.25	10669.92
559.46	10643.29
559.66	10461.02
559.86	10547.04
560.07	10889.05
560.27	10874.71
560.48	10612.57
560.68	10747.74
560.89	10542.94
561.09	10889.05
561.30	11155.29
561.50	10719.07
561.70	11071.32
561.91	10721.12
562.11	11032.41
562.32	10950.49
562.52	10805.08
562.73	10907.48
562.93	10846.04
563.13	11128.66
563.34	11026.26
563.54	10903.39
563.75	11362.13
563.95	10917.72
564.16	11224.92
564.36	11118.42
564.56	10952.54
564.77	11081.56
564.97	11171.67
565.18	11300.69
565.38	11214.68
565.58	11093.85
565.79	11132.76
565.99	11126.61
566.20	11243.35
566.40	11124.57
566.60	11208.53
566.81	11165.53
567.01	11163.48
567.22	11288.40
567.42	11108.18
567.62	11151.19
567.83	11231.06
568.03	11251.54
568.24	11249.49
568.44	11317.08
568.64	11437.91
568.85	11421.52
569.05	11302.74
569.25	11063.13
569.46	11319.12
569.66	11562.83
569.87	11427.67
570.07	11650.89
570.27	11571.02
570.48	11169.62
570.68	11624.27
570.88	11743.05
571.09	11417.43
571.29	11401.04
571.50	11284.31
571.70	11245.40
571.90	11636.56
572.11	11442.00
572.31	11423.57
572.51	11517.78
572.72	11272.02
572.92	11603.79
573.12	11398.99
573.33	11687.76
573.53	11747.15
573.73	11730.76
573.94	11593.55
574.14	11474.77
574.35	11687.76
574.55	12005.19
574.75	11773.77
574.96	11622.22
575.16	11831.12
575.36	11519.82
575.57	11730.76
575.77	11831.12
575.97	11767.63
576.18	11624.27
576.38	11695.95
576.58	11773.77
576.79	11771.72
576.99	11839.31
577.19	11677.52
577.39	12044.10
577.60	11767.63
577.80	11804.49
578.00	11808.59
578.21	11900.75
578.41	11741.00
578.61	11730.76
578.82	11747.15
579.02	11906.89
579.22	11716.43
579.43	12035.91
579.63	11452.24
579.83	11556.69
580.04	12029.77
580.24	11900.75
580.44	11802.44
580.64	11882.31
580.85	12011.34
581.05	11923.27
581.25	12015.43
581.46	11958.09
581.66	12019.53
581.86	12085.06
582.06	11648.85
582.27	12037.96
582.47	11988.81
582.67	11982.67
582.88	11990.86
583.08	11769.68
583.28	12164.93
583.48	12003.14
583.69	11931.47
583.89	12119.88
584.09	12152.65
584.30	12031.82
584.50	12060.49
584.70	11992.90
584.90	11878.22
585.11	12021.58
585.31	12070.73
585.51	12019.53
585.71	12042.06
585.92	11929.42
586.12	12144.45
586.32	12234.57
586.52	11931.47
586.73	11941.71
586.93	12255.04
587.13	12056.39
587.33	12177.22
587.54	12037.96
587.74	12257.09
587.94	12136.26
588.14	12062.54
588.35	12017.48
588.55	12439.36
588.75	12390.21
588.95	12218.18
589.16	12351.30
589.36	12529.47
589.56	12468.03
589.76	12234.57
589.96	12298.05
590.17	12302.15
590.37	12357.44
590.57	12218.18
590.77	12304.20
590.98	12521.28
591.18	12273.48
591.38	12719.93
591.58	12189.51
591.78	12689.21
591.99	12429.12
592.19	12382.02
592.39	12341.06
592.59	12357.44
592.80	12695.36
593.00	12638.02
593.20	12607.30
593.40	12521.28
593.60	12420.93
593.81	12519.23
594.01	12713.79
594.21	12597.06
594.41	12506.95
594.61	12787.52
594.82	12640.06
595.02	12369.73
595.22	12750.65
595.42	12967.74
595.62	12701.50
595.82	12672.83
596.03	12824.38
596.23	12709.69
596.43	12914.49
596.63	12773.18
596.83	12945.21
597.04	12881.72
597.24	12808.00
597.44	12875.58
597.64	13051.70
597.84	13123.38
598.04	12971.83
598.25	13104.95
598.45	12834.62
598.65	13072.18
598.85	12810.04
599.05	13150.01
599.25	13086.52
599.46	13096.76
599.66	12891.96
599.86	12906.30
600.06	13068.09
600.26	13014.84
600.46	13358.90
600.66	13203.25
600.87	12994.36
601.07	13322.04
601.27	13242.17
601.47	13145.91
601.67	13289.27
601.87	13223.73
602.07	13229.88
602.28	13266.74
602.48	13512.50
602.68	13068.09
602.88	13211.45
603.08	13416.24
603.28	13678.38
603.48	13567.79
603.69	13532.98
603.89	13541.17
604.09	13434.68
604.29	13319.99
604.49	13455.15
604.69	13383.48
604.89	13664.05
605.09	13418.29
605.29	13403.96
605.50	13551.41
605.70	13535.03
605.90	13692.72
606.10	13590.32
606.30	13547.31
606.50	13483.83
606.70	13848.36
606.90	13489.97
607.10	13557.55
607.31	13709.10
607.51	13520.69
607.71	13793.07
607.91	13592.37
608.11	13582.13
608.31	13727.53
608.51	13893.42
608.71	13829.93
608.91	13936.43
609.11	13825.84
609.31	13666.10
609.52	13780.78
609.72	13842.22
609.92	13711.15
610.12	13569.84
610.32	13807.41
610.52	14102.31
610.72	13795.12
610.92	14059.31
611.12	14059.31
611.32	13702.96
611.52	13883.18
611.72	14122.79
611.92	13950.76
612.12	13928.24
612.33	14073.64
612.53	13881.13
612.73	13860.65
612.93	13971.24
613.13	14030.63
613.33	13651.76
613.53	14454.56
613.73	13950.76
613.93	13971.24
614.13	14284.58
614.33	13897.52
614.53	13901.61
614.73	14464.80
614.93	14239.53
615.13	14417.70
615.33	14196.52
615.53	14085.93
615.73	14276.39
615.93	14337.83
616.13	14098.22
616.33	14524.19
616.53	14145.32
616.74	14272.29
616.94	14124.84
617.14	14311.21
617.34	14173.99
617.54	14296.87
617.74	14315.30
617.94	14389.03
618.14	14221.10
618.34	13932.33
618.54	14337.83
618.74	14464.80
618.94	14423.84
619.14	14464.80
619.34	14522.15
619.54	14384.93
619.74	14608.16
619.94	14298.92
620.14	14337.83
620.34	14769.95
620.54	14638.88
620.74	14391.08
620.94	14620.45
621.14	14452.52
621.34	14425.89
621.54	14323.49
621.74	14403.36
621.94	14479.14
622.14	14282.53
622.34	14198.57
622.54	14518.05
622.74	14425.89
622.94	14270.25
623.14	14303.01
623.34	14483.23
623.54	14491.43
623.74	14546.72
623.94	14708.51
624.13	14421.80
624.33	14356.26
624.53	14464.80
624.73	14380.84
624.93	14229.29
625.13	14456.61
625.33	14477.09
625.53	14524.19
625.73	14815.01
625.93	14219.05
626.13	14694.18
626.33	14110.50
626.53	14518.05
626.73	14462.76
626.93	14610.21
627.13	14505.76
627.33	14765.85
627.53	14251.81
627.73	14536.48
627.93	14434.08
628.13	14647.07
628.33	14724.90
628.52	14722.85
628.72	14487.33
628.92	14702.37
629.12	14610.21
629.32	14798.62
629.52	14313.25
629.72	14688.03
629.92	14395.17
630.12	14442.28
630.32	14286.63
630.52	14356.26
630.72	14569.25
630.92	14452.52
631.12	14626.59
631.31	14425.89
631.51	14741.28
631.71	14630.69
631.91	14604.07
632.11	14532.39
632.31	14444.32
632.51	14657.31
632.71	14495.52
632.91	14552.87
633.11	14632.74
633.31	14739.23
633.50	14567.20
633.70	14612.26
633.90	14509.86
634.10	14421.80
634.30	14378.79
634.50	14577.44
634.70	14530.34
634.90	14423.84
635.10	14571.30
635.29	14391.08
635.49	14292.77
635.69	14624.54
635.89	14628.64
636.09	14395.17
636.29	14511.91
636.49	14513.95
636.69	14481.19
636.89	14714.66
637.08	14556.96
637.28	14454.56
637.48	14640.93
637.68	14495.52
637.88	14376.74
638.08	14544.67
638.28	14497.57
638.47	14190.38
638.67	14280.49
638.87	14278.44
639.07	14575.39
639.27	14417.70
639.47	14432.04
639.67	14405.41
639.86	14362.40
640.06	14118.70
640.26	14642.98
640.46	14505.76
640.66	14292.77
640.86	14397.22
641.06	14403.36
641.25	14407.46
641.45	14305.06
641.65	14436.13
641.85	14636.83
642.05	14423.84
642.25	14270.25
642.44	14323.49
642.64	14368.55
642.84	14413.60
643.04	14202.66
643.24	14303.01
643.43	14657.31
643.63	14632.74
643.83	14202.66
644.03	14286.63
644.23	14503.71
644.43	14180.14
644.62	14128.94
644.82	14561.06
645.02	14280.49
645.22	14489.38
645.42	14372.64
645.61	14405.41
645.81	14528.29
646.01	14290.73
646.21	14401.32
646.41	14221.10
646.60	14606.11
646.80	14409.51
647.00	14384.93
647.20	14485.28
647.40	14217.00
647.59	14313.25
647.79	14270.25
647.99	14397.22
648.19	14352.16
648.39	14231.33
648.58	14296.87
648.78	14602.02
648.98	14221.10
649.18	14413.60
649.37	14384.93
649.57	14429.99
649.77	14251.81
649.97	14466.85
650.17	14393.12
650.36	14352.16
650.56	14350.12
650.76	14309.16
650.96	14288.68
651.15	14591.78
651.35	14173.99
651.55	14313.25
651.75	14481.19
651.94	14346.02
652.14	14331.69
652.34	14237.48
652.54	14352.16
652.73	14526.24
652.93	14343.97
653.13	14667.55
653.33	14360.36
653.52	14268.20
653.72	14425.89
653.92	14407.46
654.12	14630.69
654.31	14645.02
654.51	14606.11
654.71	14489.38
654.91	14745.38
655.10	14477.09
655.30	14272.29
655.50	14540.58
655.69	14409.51
655.89	14475.04
656.09	14448.42
656.29	14413.60
656.48	14735.14
656.68	14419.75
656.88	14556.96
657.08	14346.02
657.27	14380.84
657.47	14481.19
657.67	14559.01
657.86	14563.11
658.06	14386.98
658.26	14458.66
658.46	14733.09
658.65	14739.23
658.85	14245.67
659.05	14618.40
659.24	14546.72
659.44	14565.15
659.64	14651.17
659.83	14579.49
660.03	14384.93
660.23	14604.07
660.42	14522.15
660.62	14718.75
660.82	14683.94
661.02	14630.69
661.21	14489.38
661.41	14743.33
661.61	14528.29
661.80	14446.37
662.00	14694.18
662.20	14477.09
662.39	14487.33
662.59	14745.38
662.79	14569.25
662.98	14364.45
663.18	14763.81
663.38	14362.40
663.57	14630.69
663.77	14497.57
663.97	14638.88
664.16	14518.05
664.36	14806.81
664.56	14812.96
664.75	14626.59
664.95	14868.25
665.15	14460.71
665.34	14563.11
665.54	14810.91
665.73	14350.12
665.93	14821.15
666.13	14833.44
666.32	14796.57
666.52	14681.89
666.72	14565.15
666.91	14620.45
667.11	14559.01
667.31	14812.96
667.50	14628.64
667.70	14587.68
667.90	14577.44
668.09	14481.19
668.29	14665.50
668.48	14536.48
668.68	14855.97
668.88	15048.47
669.07	14561.06
669.27	14896.92
669.46	14821.15
669.66	14929.69
669.86	14673.70
670.05	14546.72
670.25	14733.09
670.45	14788.38
670.64	14743.33
670.84	14843.68
671.03	14939.93
671.23	14866.21
671.43	14626.59
671.62	14853.92
671.82	15019.80
672.01	15034.14
672.21	14966.56
672.41	15109.91
672.60	14595.87
672.80	14649.12
672.99	14853.92
673.19	14819.10
673.39	15027.99
673.58	14745.38
673.78	14548.77
673.97	14987.04
674.17	15120.15
674.36	14972.70
674.56	14935.84
674.76	15173.40
674.95	14704.42
675.15	14966.56
675.34	14778.14
675.54	14841.63
675.73	14976.80
675.93	14896.92
676.13	14757.66
676.32	14882.59
676.52	14796.57
676.71	14724.90
676.91	14882.59
677.10	15234.84
677.30	15034.14
677.49	14526.24
677.69	14706.46
677.89	15253.27
678.08	14853.92
678.28	14972.70
678.47	14890.78
678.67	14841.63
678.86	14939.93
679.06	15023.90
679.25	14726.94
679.45	14724.90
679.64	14991.13
679.84	14958.36
680.03	14868.25
680.23	14769.95
680.43	14991.13
680.62	15118.11
680.82	14724.90
681.01	15030.04
681.21	14853.92
681.40	14845.73
681.60	14991.13
681.79	14812.96
681.99	14927.64
682.18	14901.02
682.38	15007.52
682.57	15052.57
682.77	14935.84
682.96	14882.59
683.16	14849.82
683.35	15077.15
683.55	14927.64
683.74	14784.29
683.94	15048.47
684.13	14935.84
684.33	14962.46
684.52	14835.49
684.72	14929.69
684.91	14782.24
685.11	14704.42
685.30	14739.23
685.50	14733.09
685.69	15062.81
685.89	14806.81
686.08	14735.14
686.28	14882.59
686.47	14841.63
686.67	14716.70
686.86	14835.49
687.06	14815.01
687.25	15009.56
687.45	14808.86
687.64	14790.43
687.83	15023.90
688.03	14915.36
688.22	14688.03
688.42	15042.33
688.61	14579.49
688.81	14939.93
689.00	14927.64
689.20	14849.82
689.39	14589.73
689.59	14585.63
689.78	14851.87
689.98	14753.57
690.17	14608.16
690.36	14808.86
690.56	14728.99
690.75	14901.02
690.95	14765.85
691.14	14845.73
691.34	14753.57
691.53	14667.55
691.73	14911.26
691.92	14829.34
692.11	14788.38
692.31	14743.33
692.50	14868.25
692.70	14554.91
692.89	14440.23
693.09	14749.47
693.28	14526.24
693.47	14720.80
693.67	14544.67
693.86	14645.02
694.06	14761.76
694.25	14575.39
694.44	14653.22
694.64	14692.13
694.83	14378.79
695.03	14538.53
695.22	14882.59
695.42	14890.78
695.61	14425.89
695.80	14712.61
696.00	14423.84
696.19	14534.43
696.39	14651.17
696.58	14446.37
696.77	14391.08
696.97	14710.56
697.16	14513.95
697.36	14538.53
697.55	14653.22
697.74	14556.96
697.94	14657.31
698.13	14473.00
698.32	14423.84
698.52	14569.25
698.71	14462.76
698.91	14632.74
699.10	14483.23
699.29	14673.70
699.49	14561.06
699.68	14341.93
699.87	14468.90
700.07	14485.28
700.26	14251.81
700.46	14489.38
700.65	14395.17
700.84	14204.71
701.04	14380.84
701.23	14317.35
701.42	14542.63
701.62	14538.53
701.81	14774.05
702.00	14280.49
702.20	14270.25
702.39	14483.24
702.58	14356.26
702.78	14477.09
702.97	14231.33
703.16	14663.46
703.36	14268.20
703.55	14577.44
703.75	14063.40
703.94	14057.26
704.13	14593.83
704.33	14499.62
704.52	14260.01
704.71	14196.52
704.91	14296.87
705.10	14350.12
705.29	14178.09
705.48	14270.25
705.68	14434.08
705.87	14133.03
706.06	14280.49
706.26	14309.16
706.45	14456.61
706.64	14319.40
706.84	14407.46
707.03	14331.69
707.22	14294.82
707.42	14294.82
707.61	14462.76
707.80	14311.21
708.00	14243.62
708.19	14108.46
708.38	14200.62
708.57	14059.31
708.77	13807.41
708.96	14255.91
709.15	14366.50
709.35	14016.30
709.54	14237.48
709.73	14192.42
709.92	14096.17
710.12	13961.00
710.31	14102.31
710.50	13997.87
710.70	14278.44
710.89	14184.23
711.08	14085.93
711.27	14540.58
711.47	14079.79
711.66	14149.42
711.85	14094.12
712.05	14270.25
712.24	14276.39
712.43	14114.60
712.62	14092.07
712.82	13973.29
713.01	14288.68
713.20	13930.28
713.39	13848.36
713.59	14032.68
713.78	14280.49
713.97	14251.81
714.16	14057.26
714.36	13956.91
714.55	14108.46
714.74	14106.41
714.93	13987.63
715.13	13891.37
715.32	14067.50
715.51	14049.07
715.70	14157.61
715.90	14061.35
716.09	14130.98
716.28	13809.45
716.47	14294.82
716.66	13795.12
716.86	14100.26
717.05	14110.50
717.24	13799.21
717.43	14024.49
717.63	14323.49
717.82	14034.73
718.01	13975.34
718.20	13973.29
718.39	14032.68
718.59	13969.19
718.78	14038.83
718.97	14028.59
719.16	14163.75
719.36	13926.19
719.55	13995.82
719.74	13936.43
719.93	13803.31
720.12	13872.94
720.32	13827.88
720.51	14085.93
720.70	14143.27
720.89	14075.69
721.08	13889.32
721.28	13676.34
721.47	14008.11
721.66	13901.61
721.85	14153.51
722.04	13971.24
722.23	14020.39
722.43	13965.10
722.62	13696.82
722.81	14149.42
723.00	13684.53
723.19	14079.79
723.39	13799.21
723.58	13987.63
723.77	13815.60
723.96	14096.17
724.15	13850.41
724.34	13907.76
724.54	13881.13
724.73	13807.41
724.92	13815.60
725.11	13774.64
725.30	13868.84
725.49	14071.59
725.68	14128.94
725.88	13913.90
726.07	13840.17
726.26	13834.03
726.45	14214.95
726.64	13782.83
726.83	13954.86
727.03	13952.81
727.22	13934.38
727.41	14116.65
727.60	14016.30
727.79	14042.92
727.98	13614.90
728.17	13889.32
728.36	13954.86
728.56	13795.12
728.75	13825.84
728.94	13997.87
729.13	13983.53
729.32	13940.52
729.51	13958.96
729.70	13874.99
729.89	13653.81
730.09	13942.57
730.28	13993.77
730.47	13942.57
730.66	13715.25
730.85	13795.12
731.04	13938.48
731.23	13807.41
731.42	13881.13
731.61	13864.75
731.81	13995.82
732.00	13854.51
732.19	13797.17
732.38	13795.12
732.57	13954.86
732.76	13688.62
732.95	13842.22
733.14	13803.31
733.33	13950.76
733.52	13870.89
733.71	13719.34
733.91	13748.01
734.10	13891.37
734.29	13889.32
734.48	13633.33
734.67	13647.66
734.86	14122.79
735.05	13854.51
735.24	13926.19
735.43	13797.17
735.62	13803.31
735.81	13711.15
736.00	13715.25
736.19	13821.74
736.39	13680.43
736.58	14055.21
736.77	13969.19
736.96	13584.18
737.15	13584.18
737.34	13952.81
737.53	13926.19
737.72	14001.96
737.91	13848.36
738.10	13961.00
738.29	13803.31
738.48	13887.28
738.67	13801.26
738.86	13831.98
739.05	13739.82
739.24	13780.78
739.43	13666.10
739.62	13952.81
739.81	13772.59
740.00	13936.43
740.19	13981.48
740.38	13854.51
740.57	13739.82
740.76	13735.73
740.96	13758.25
741.15	13975.34
741.34	13897.52
741.53	13934.38
741.72	13858.60
741.91	13811.50
742.10	13909.80
742.29	13637.42
742.48	14112.55
742.67	13633.33
742.86	13920.04
743.05	13754.16
743.24	13961.00
743.43	13934.38
743.62	13731.63
743.81	13940.52
744.00	13823.79
744.19	13920.04
744.38	13889.32
744.57	14030.63
744.76	13954.86
744.95	13780.78
745.14	14096.17
745.33	13836.08
745.52	13725.49
745.71	13506.35
745.90	13756.21
746.09	13999.91
746.27	13625.14
746.46	13950.76
746.65	13684.53
746.84	13680.43
747.03	13924.14
747.22	13864.75
747.41	13895.47
747.60	13922.09
747.79	13774.64
747.98	13623.09
748.17	14012.20
748.36	13881.13
748.55	14083.88
748.74	13760.30
748.93	14081.83
749.12	13510.45
749.31	13719.34
749.50	13588.27
749.69	13913.90
749.88	13905.71
750.07	13696.82
750.26	13872.94
750.45	13543.22
750.64	13580.08
750.82	13741.87
751.01	13942.57
751.20	13686.58
751.39	13774.64
751.58	14028.59
751.77	13662.00
751.96	13549.36
752.15	13707.05
752.34	13879.08
752.53	13909.80
752.72	13831.98
752.91	13952.81
753.10	13946.67
753.28	13758.25
753.47	13854.51
753.66	13651.76
753.85	13705.01
754.04	13733.68
754.23	13688.62
754.42	13707.05
754.61	13809.45
754.80	13743.92
754.99	13743.92
755.18	13879.08
755.36	13631.28
755.55	13698.86
755.74	13449.01
755.93	13713.20
756.12	13602.61
756.31	13774.64
756.50	13786.93
756.69	13588.27
756.88	13512.50
757.06	13549.36
757.25	13592.37
757.44	13705.01
757.63	13461.30
757.82	13571.89
758.01	13807.41
758.20	13934.38
758.39	13283.13
758.57	13651.76
758.76	13903.66
758.95	13532.98
759.14	13381.43
759.33	13778.73
759.52	13444.91
759.71	13590.32
759.90	13287.22
760.08	13477.68
760.27	13457.20
760.46	13371.19
760.65	13815.60
760.84	13504.31
761.03	13469.49
761.21	13510.45
761.40	13420.34
761.59	13545.27
761.78	13352.76
761.97	13358.90
762.16	13442.87
762.35	13549.36
762.53	13588.27
762.72	13635.38
762.91	13276.98
763.10	13193.01
763.29	13434.68
763.48	13363.00
763.66	13395.76
763.85	13582.13
764.04	13342.52
764.23	13033.27
764.42	13227.83
764.60	13332.28
764.79	13512.50
764.98	13078.33
765.17	12932.92
765.36	13375.28
765.54	13334.32
765.73	13360.95
765.92	13453.11
766.11	13141.82
766.30	13467.44
766.49	13238.07
766.67	13258.55
766.86	13569.84
767.05	13276.98
767.24	13207.35
767.42	13111.10
767.61	13264.69
767.80	13391.67
767.99	13193.01
768.18	13188.92
768.36	13344.56
768.55	13115.19
768.74	13039.42
768.93	13057.85
769.12	13152.06
769.30	13086.52
769.49	13102.90
769.68	13213.49
769.87	13012.79
770.05	13213.49
770.24	13229.88
770.43	12717.89
770.62	13049.66
770.80	12963.64
770.99	13250.36
771.18	13043.51
771.37	13289.27
771.55	13018.94
771.74	13061.94
771.93	12941.11
772.12	12900.16
772.30	12783.42
772.49	13014.84
772.68	13176.63
772.87	12947.26
773.05	13045.56
773.24	12615.49
773.43	12797.76
773.62	12963.64
773.80	13033.27
773.99	12783.42
774.18	12726.08
774.37	12900.16
774.55	12734.27
774.74	12859.20
774.93	12756.80
775.11	12840.76
775.30	12500.80
775.49	12910.39
775.68	12726.08
775.86	12801.85
776.05	12758.85
776.24	12810.04
776.43	12734.27
776.61	12592.96
776.80	12590.91
776.99	12511.04
777.17	12490.56
777.36	12603.20
777.55	12781.37
777.73	12613.44
777.92	12476.23
778.11	12508.99
778.30	12480.32
778.48	12648.26
778.67	12595.01
778.86	12382.02
779.04	12654.40
779.23	12248.90
779.42	12293.96
779.60	12500.80
779.79	12500.80
779.98	12633.92
780.16	12330.82
780.35	12187.46
780.54	12541.76
780.72	12343.11
780.91	12132.17
781.10	12183.37
781.28	12353.35
781.47	12195.65
781.66	12285.76
781.84	12175.17
782.03	12021.58
782.22	12238.66
782.40	12136.26
782.59	12253.00
782.78	12107.59
782.96	12222.28
783.15	11921.23
783.34	12068.68
783.52	11947.85
783.71	12113.74
783.90	12144.45
784.08	11820.88
784.27	11757.39
784.46	11882.31
784.64	12027.72
784.83	11992.90
785.01	11923.27
785.20	12058.44
785.39	11931.47
785.57	11796.30
785.76	11806.54
785.95	11743.05
786.13	11943.75
786.32	11618.13
786.50	11693.90
786.69	11726.67
786.88	11761.48
787.06	11491.15
787.25	11800.40
787.44	11849.55
787.62	11687.76
787.81	11872.07
787.99	11642.70
788.18	11542.35
788.37	11849.55
788.55	11714.38
788.74	11648.85
788.92	11634.51
789.11	11470.67
789.30	11446.10
789.48	11421.52
789.67	11495.25
789.85	11360.08
790.04	11403.09
790.22	11423.57
790.41	11474.77
790.60	11501.39
790.78	11360.08
790.97	11190.10
791.15	11382.61
791.34	11059.03
791.53	11212.63
791.71	11143.00
791.90	11110.23
792.08	11317.08
792.27	11317.08
792.45	11245.40
792.64	10973.02
792.83	11208.53
793.01	11116.37
793.20	11038.55
793.38	11140.95
793.57	10921.82
793.75	11108.18
793.94	10938.20
794.12	10866.52
794.31	10846.04
794.50	11085.65
794.68	10956.63
794.87	10846.04
795.05	10612.57
795.24	10616.67
795.42	10813.28
795.61	10547.04
795.79	10721.12
795.98	10694.49
796.16	10526.56
796.35	10772.32
796.53	10555.23
796.72	10700.64
796.90	10397.54
797.09	10686.30
797.28	10792.80
797.46	10315.62
797.65	10463.07
797.83	10411.87
798.02	10770.27
798.20	10409.83
798.39	10446.69
798.57	10588.00
798.76	10450.78
798.94	10555.23
799.13	10422.11
799.31	10508.13
799.50	10434.40
799.68	10514.27
799.87	10481.50
800.05	10522.46
800.24	10393.44
800.42	10530.66
800.61	10585.95
800.79	10272.61
800.98	10555.23
801.16	10325.86
801.35	10532.70
801.53	10438.50
801.72	10530.66
801.90	10352.48
802.08	10344.29
802.27	10489.70
802.45	10401.63
802.64	10282.85
802.82	10123.11
803.01	10403.68
803.19	10229.60
803.38	10456.93
803.56	10528.61
803.75	10344.29
803.93	10194.79
804.12	10633.05
804.30	10676.06
804.49	10477.41
804.67	10618.72
804.85	10393.44
805.04	10233.70
805.22	10454.88
805.41	10573.66
805.59	10350.43
805.78	10495.84
805.96	10311.52
806.15	10506.08
806.33	10483.55
806.51	10309.47
806.70	10471.26
806.88	10383.20
807.07	10438.50
807.25	10426.21
807.44	10727.26
807.62	10571.61
807.80	10499.94
807.99	10448.74
808.17	10620.77
808.36	10520.42
808.54	10458.98
808.73	10473.31
808.91	10508.13
809.09	10741.60
809.28	10637.15
809.46	10266.47
809.65	10499.94
809.83	10653.53
810.01	10567.52
810.20	10321.76
810.38	10438.50
810.57	10559.33
810.75	10315.62
810.93	10569.57
811.12	10717.02
811.30	10620.77
811.49	10493.79
811.67	10467.17
811.85	10334.05
812.04	10657.63
812.22	10530.66
812.41	10686.30
812.59	10620.77
812.77	10635.10
812.96	10506.08
813.14	10614.62
813.32	10532.70
813.51	10518.37
813.69	10501.98
813.88	10407.78
814.06	10487.65
814.24	10622.81
814.43	10420.06
814.61	10430.30
814.79	10721.12
814.98	10458.98
815.16	10360.67
815.34	10381.15
815.53	10262.37
815.71	10430.30
815.89	10714.97
816.08	10454.88
816.26	10332.00
816.45	10450.78
816.63	10448.74
816.81	10456.93
817.00	10565.47
817.18	10342.24
817.36	10438.50
817.55	10495.84
817.73	10657.63
817.91	10346.34
818.10	10166.12
818.28	10493.79
818.46	10245.99
818.65	10299.23
818.83	10497.89
819.01	10205.03
819.19	10315.62
819.38	10332.00
819.56	10520.42
819.74	10250.08
819.93	10188.64
820.11	10141.54
820.29	10162.02
820.48	10213.22
820.66	10159.97
820.84	10434.40
821.03	10229.60
821.21	10346.34
821.39	10188.64
821.57	10307.43
821.76	10268.52
821.94	10309.47
822.12	10159.97
822.31	10354.53
822.49	10073.96
822.67	10438.50
822.85	10424.16
823.04	10078.05
823.22	10162.02
823.40	10155.88
823.59	10125.16
823.77	10227.56
823.95	10350.43
824.13	10176.36
824.32	10211.17
824.50	10157.92
824.68	10016.62
824.87	10151.78
825.05	10174.31
825.23	10221.41
825.41	10039.14
825.60	9963.37
825.78	10278.76
825.96	10069.86
826.14	10012.52
826.33	10026.86
826.51	9803.63
826.69	10082.15
826.87	9873.26
827.06	10155.88
827.24	10096.49
827.42	9846.63
827.60	10141.54
827.79	9922.41
827.97	9860.97
828.15	10049.38
828.33	9983.85
828.51	10135.40
828.70	9795.43
828.88	9967.46
829.06	9811.82
829.24	9805.67
829.43	9983.85
829.61	9824.11
829.79	9867.11
829.97	9942.89
830.15	9842.54
830.34	9629.55
830.52	9791.34
830.70	9871.21
830.88	9975.66
831.06	9641.84
831.25	9740.14
831.43	9942.89
831.61	9969.51
831.79	9758.57
831.98	9615.21
832.16	9621.36
832.34	9645.93
832.52	9695.08
832.70	9717.61
832.88	9586.54
833.07	9451.38
833.25	9652.08
833.43	9332.59
833.61	9469.81
833.79	9625.45
833.98	9559.92
834.16	9604.97
834.34	9707.37
834.52	9715.56
834.70	9480.05
834.88	9609.07
835.07	9785.19
835.25	9344.88
835.43	9369.46
835.61	9656.17
835.79	9240.44
835.97	9588.59
836.16	9641.84
836.34	9617.26
836.52	9533.29
836.70	9420.66
836.88	9383.79
837.06	9482.10
837.24	9531.25
837.43	9312.11
837.61	9604.97
837.79	9318.26
837.97	9525.10
838.15	9453.42
838.33	9535.34
838.51	9467.76
838.70	9559.92
838.88	9299.83
839.06	9271.15
839.24	9336.69
839.42	9199.48
839.60	9342.83
839.78	9416.56
839.96	9234.29
840.15	9240.44
840.33	8886.14
840.51	8980.34
840.69	8976.25
840.87	9054.07
841.05	9031.54
841.23	9248.63
841.41	8980.34
841.59	9181.04
841.78	9357.17
841.96	8992.63
842.14	9279.35
842.32	9107.32
842.50	9084.79
842.68	8929.14
842.86	9013.11
843.04	8931.19
843.22	9072.50
843.40	9258.87
843.59	9187.19
843.77	9199.48
843.95	8894.33
844.13	9072.50
844.31	9105.27
844.49	9002.87
844.67	8908.66
844.85	9068.41
845.03	9011.06
845.21	9029.49
845.39	8947.58
845.57	9013.11
845.75	8888.18
845.94	8904.57
846.12	8957.82
846.30	8658.81
846.48	8771.45
846.66	8765.31
846.84	8847.22
847.02	8845.18
847.20	8892.28
847.38	8636.28
847.56	8742.78
847.74	8937.34
847.92	8839.03
848.10	8779.64
848.28	8879.99
848.46	8959.86
848.64	8701.82
848.82	8697.72
849.00	8759.16
849.18	8634.24
849.36	8710.01
849.54	8630.14
849.72	8658.81
849.90	8609.66
850.08	8767.35
850.27	8345.47
850.45	8730.49
850.63	8593.28
850.81	8576.89
850.99	8589.18
851.17	8550.27
851.35	8384.38
851.53	8494.97
851.71	8572.80
851.89	8257.41
852.07	8675.20
852.25	8388.48
852.43	8540.03
852.61	8626.04
852.79	8759.16
852.97	8544.13
853.15	8480.64
853.33	8314.75
853.51	8439.68
853.69	8595.32
853.87	8419.20
854.05	8488.83
854.23	8451.97
854.41	8095.62
854.59	8144.77
854.76	8118.15
854.94	8267.65
855.12	8345.47
855.30	8335.23
855.48	8433.54
855.66	8318.85
855.84	8322.94
856.02	8378.24
856.20	8028.04
856.38	8408.96
856.56	8337.28
856.74	8245.12
856.92	8238.98
857.10	8279.94
857.28	8157.06
857.46	8132.48
857.64	8056.71
857.82	8136.58
858.00	8099.72
858.18	8191.88
858.36	7995.27
858.54	7985.03
858.72	8091.52
858.89	8056.71
859.07	8204.16
859.25	8005.51
859.43	8255.36
859.61	7954.31
859.79	8099.72
859.97	8005.51
860.15	8107.91
860.33	7841.67
860.51	7937.93
860.69	7878.54
860.87	8075.14
861.05	7942.02
861.23	7780.23
861.40	7858.06
861.58	7919.50
861.76	7716.75
861.94	7813.00
862.12	8001.41
862.30	7839.62
862.48	7739.27
862.66	7931.78
862.84	7604.11
863.02	7827.34
863.19	7722.89
863.37	7622.54
863.55	7694.22
863.73	7571.34
863.91	7624.59
864.09	7761.80
864.27	7692.17
864.45	7470.99
864.63	7567.24
864.80	7575.44
864.98	7454.61
865.16	7501.71
865.34	7817.10
865.52	7509.90
865.70	7446.41
865.88	7495.57
866.06	7262.10
866.23	7294.86
866.41	7489.42
866.59	7333.78
866.77	7407.50
866.95	7540.62
867.13	7442.32
867.31	7206.80
867.48	7301.01
867.66	7219.09
867.84	7374.74
868.02	7167.89
868.20	7274.38
868.38	7354.26
868.55	7198.61
868.73	7233.43
868.91	7231.38
869.09	7034.77
869.27	7243.67
869.45	7133.08
869.62	7147.41
869.80	7032.72
869.98	6973.33
870.16	7260.05
870.34	7030.68
870.52	7096.21
870.69	7182.23
870.87	7012.24
871.05	6973.33
871.23	7122.84
871.41	7016.34
871.58	6983.57
871.76	6801.30
871.94	6965.14
872.12	7032.72
872.30	6801.30
872.48	6981.53
872.65	6999.96
872.83	7016.34
873.01	6786.97
873.19	6858.65
873.37	6971.29
873.54	6864.79
873.72	6768.54
873.90	6934.42
874.08	6922.13
874.25	6694.81
874.43	6893.46
874.61	6752.15
874.79	6875.03
874.97	6936.47
875.14	6766.49
875.32	6709.15
875.50	6844.31
875.68	6813.59
875.85	6844.31
876.03	6746.01
876.21	6905.75
876.39	6946.71
876.56	6971.29
876.74	6803.35
876.92	6768.54
877.10	6743.96
877.28	6932.37
877.45	6930.33
877.63	6657.95
877.81	6789.02
877.99	6821.78
878.16	6872.98
878.34	6797.21
878.52	6682.52
878.69	6803.35
878.87	6899.61
879.05	6770.58
879.23	6961.05
879.40	6723.48
879.58	6752.15
879.76	6963.09
879.94	6723.48
880.11	6834.07
880.29	6844.31
880.47	6770.58
880.65	6807.45
880.82	6877.08
881.00	6881.18
881.18	6721.43
881.35	6915.99
881.53	6860.70
881.71	6829.98
881.89	6797.21
882.06	6819.74
882.24	6854.55
882.42	6866.84
882.59	6678.43
882.77	6780.82
882.95	6807.45
883.12	6786.97
883.30	6707.10
883.48	6889.37
883.65	6948.76
883.83	6852.50
884.01	6737.82
884.19	6815.64
884.36	6922.13
884.54	6903.70
884.72	6664.09
884.89	6764.44
885.07	6756.25
885.25	6829.98
885.42	6729.63
885.60	6846.36
885.78	6952.85
885.95	6750.10
886.13	6938.52
886.31	6897.56
886.48	6926.23
886.66	6909.85
886.84	6856.60
887.01	6899.61
887.19	6979.48
887.37	6905.75
887.54	6944.66
887.72	6791.06
887.90	6690.71
888.07	6905.75
888.25	7012.25
888.42	6942.61
888.60	6834.07
888.78	6991.77
888.95	6854.55
889.13	7176.08
889.31	7032.72
889.48	7112.60
889.66	6866.84
889.84	7157.65
890.01	7026.58
890.19	6858.65
890.36	6940.57
890.54	6827.93
890.72	6829.98
890.89	6774.68
891.07	6993.81
891.24	6924.18
891.42	6922.13
891.60	7030.68
891.77	6934.42
891.95	6807.45
892.13	7100.31
892.30	7022.48
892.48	6883.22
892.65	6961.05
892.83	6979.48
893.01	6938.52
893.18	6819.74
893.36	6959.00
893.53	6881.18
893.71	7006.10
893.88	6733.72
894.06	7104.40
894.24	6961.05
894.41	6774.68
894.59	6852.50
894.76	6981.53
894.94	6985.62
895.12	6911.89
895.29	6907.80
895.47	7020.44
895.64	6872.98
895.82	6887.32
895.99	6940.57
896.17	6768.54
896.34	6827.93
896.52	6911.89
896.70	6948.76
896.87	6983.57
897.05	6989.72
897.22	6786.97
897.40	6784.92
897.57	6737.82
897.75	7077.78
897.92	6872.98
898.10	6791.06
898.28	6913.94
898.45	6838.17
898.63	6815.64
898.80	6709.15
898.98	6991.77
899.15	6825.88
899.33	6752.15
899.50	6819.74
899.68	6934.42
899.85	6926.23
900.03	6954.90
900.20	6811.54
900.38	6772.63
900.55	6989.72
900.73	6746.01
900.90	7088.02
901.08	6840.22
901.25	6899.61
901.43	6856.60
901.60	6717.34
901.78	6850.46
901.95	6737.82
902.13	6752.15
902.30	6875.03
902.48	6545.31
902.65	6786.97
902.83	6662.04
903.00	6860.70
903.18	6664.09
903.35	6678.43
903.53	6567.84
903.70	6727.58
903.88	6596.51
904.05	6815.64
904.23	6737.82
904.40	6848.41
904.58	6700.95
904.75	6553.50
904.93	6659.99
905.10	6651.80
905.28	6754.20
905.45	6819.74
905.63	6616.99
905.80	6756.25
905.98	6741.91
906.15	6672.28
906.32	6561.69
906.50	6690.71
906.67	6696.86
906.85	6651.80
907.02	6530.97
907.20	6809.50
907.37	6444.96
907.55	6477.73
907.72	6625.18
907.89	6692.76
908.07	6573.98
908.24	6569.88
908.42	6578.08
908.59	6588.32
908.77	6512.54
908.94	6541.21
909.12	6645.66
909.29	6553.50
909.46	6354.85
909.64	6469.53
909.81	6528.92
909.99	6408.09
910.16	6350.75
910.33	6401.95
910.51	6502.30
910.68	6332.32
910.86	6457.25
911.03	6379.42
911.21	6207.39
911.38	6143.91
911.55	6373.28
911.73	6170.53
911.90	6367.13
912.08	6135.71
912.25	6244.26
912.42	6328.22
912.60	6158.24
912.77	6311.84
912.95	6289.31
913.12	6186.91
913.29	6248.35
913.47	6186.91
913.64	6158.24
913.81	6250.40
913.99	6107.04
914.16	5926.82
914.34	6254.50
914.51	5898.15
914.68	6174.63
914.86	5998.50
915.03	6006.69
915.20	6027.17
915.38	5908.39
915.55	6148.00
915.72	6104.99
915.90	6008.74
916.07	6025.12
916.25	5892.01
916.42	6090.66
916.59	5851.05
916.77	5980.07
916.94	5975.97
917.11	5797.80
917.29	5846.95
917.46	5810.09
917.63	5982.12
917.81	5711.78
917.98	5859.24
918.15	5894.05
918.33	5791.66
918.50	5683.11
918.67	5812.14
918.85	5765.03
919.02	5949.35
919.19	5717.93
919.37	5799.85
919.54	5814.18
919.71	5715.88
919.89	5826.47
920.06	5506.99
920.23	5746.60
920.40	5607.34
920.58	5670.83
920.75	5566.38
920.92	5525.42
921.10	5490.60
921.27	5648.30
921.44	5695.40
921.62	5644.20
921.79	5492.65
921.96	5742.50
922.13	5588.91
922.31	5601.19
922.48	5539.76
922.65	5527.47
922.83	5519.28
923.00	5353.39
923.17	5463.98
923.34	5437.36
923.52	5349.29
923.69	5443.50
923.86	5384.11
924.04	5365.68
924.21	5429.17
924.38	5341.10
924.55	5375.92
924.73	5556.14
924.90	5377.97
925.07	5351.34
925.24	5441.45
925.42	5132.21
925.59	5377.97
925.76	5306.29
925.93	5337.01
926.11	5160.88
926.28	5207.98
926.45	5222.32
926.62	5058.48
926.80	5216.18
926.97	5199.79
927.14	5136.31
927.31	4937.65
927.49	4966.32
927.66	5070.77
927.83	5042.10
928.00	5070.77
928.18	5097.39
928.35	5167.03
928.52	5056.43
928.69	5152.69
928.86	5126.07
929.04	4745.14
929.21	5015.48
929.38	5021.62
929.55	4968.37
929.73	5230.51
929.90	4935.60
930.07	4843.45
930.24	4939.70
930.41	4822.97
930.59	4849.59
930.76	4931.51
930.93	4786.10
931.10	4915.12
931.27	4757.43
931.45	4896.69
931.62	4884.41
931.79	4816.82
931.96	4814.77
932.13	4773.82
932.30	4769.72
932.48	4661.18
932.65	4691.90
932.82	4726.71
932.99	4624.31
933.16	4761.53
933.34	4661.18
933.51	4745.14
933.68	4616.12
933.85	4661.18
934.02	4491.20
934.19	4616.12
934.37	4724.66
934.54	4523.96
934.71	4386.75
934.88	4743.10
935.05	4566.97
935.22	4540.35
935.39	4478.91
935.57	4526.01
935.74	4519.87
935.91	4558.78
936.08	4456.38
936.25	4376.51
936.42	4544.44
936.59	4491.20
936.77	4343.74
936.94	4390.84
937.11	4335.55
937.28	4360.13
937.45	4382.65
937.62	4317.12
937.79	4308.93
937.96	4376.51
938.14	4214.72
938.31	4317.12
938.48	4468.67
938.65	4251.58
938.82	4327.36
938.99	4253.63
939.16	4257.73
939.33	4259.78
939.50	4173.76
939.68	4259.78
939.85	4214.72
940.02	4325.31
940.19	4173.76
940.36	4171.71
940.53	4335.55
940.70	4128.70
940.87	4224.96
941.04	4102.08
941.21	4106.18
941.39	4116.42
941.56	3997.64
941.73	4159.42
941.90	4106.18
942.07	4009.92
942.24	4097.99
942.41	4288.45
942.58	4048.83
942.75	3942.34
942.92	4057.03
943.09	4042.69
943.26	4028.35
943.43	4024.26
943.60	4028.35
943.78	3944.39
943.95	3864.52
944.12	3895.24
944.29	3985.35
944.46	4022.21
944.63	3817.41
944.80	3694.54
944.97	3821.51
945.14	3796.93
945.31	3770.31
945.48	3887.04
945.65	3747.78
945.82	3831.75
945.99	3686.34
946.16	3819.46
946.33	3966.92
946.50	3715.02
946.67	3694.54
946.84	3682.25
947.01	3633.10
947.18	3696.58
947.35	3680.20
947.52	3839.94
947.69	3708.87
947.86	3735.50
948.03	3682.25
948.20	3592.14
948.37	3485.64
948.54	3487.69
948.71	3561.42
948.88	3569.61
949.05	3698.63
949.22	3655.62
949.39	3399.63
949.56	3524.55
949.73	3542.99
949.90	3471.31
950.07	3551.18
950.24	3524.55
950.41	3563.47
950.58	3528.65
950.75	3459.02
950.92	3424.20
951.09	3596.23
951.26	3510.22
951.43	3436.49
951.60	3358.67
951.77	3375.05
951.94	3336.14
952.11	3456.97
952.28	3450.83
952.45	3332.05
952.62	3465.16
952.79	3385.29
952.96	3366.86
953.13	3293.13
953.30	3424.20
953.47	3284.94
953.64	3426.25
953.81	3342.28
953.98	3397.58
954.15	3358.67
954.32	3293.13
954.49	3307.47
954.65	3100.62
954.82	3282.89
954.99	3401.68
955.16	3315.66
955.33	3192.78
955.50	3133.39
955.67	3205.07
955.84	3241.93
956.01	3237.84
956.18	3059.67
956.35	3239.89
956.52	3315.66
956.69	3250.13
956.86	3102.67
957.02	3135.44
957.19	3131.34
957.36	3233.74
957.53	3004.37
957.70	3055.57
957.87	3039.19
958.04	3315.66
958.21	3155.92
958.38	3074.00
958.55	2967.51
958.71	3037.14
958.88	3063.76
959.05	3026.90
959.22	3049.43
959.39	2942.93
959.56	3059.67
959.73	3067.86
959.90	2981.84
960.07	3045.33
960.23	3082.19
960.40	2938.84
960.57	2942.93
960.74	3114.96
960.91	2885.59
961.08	2951.12
961.25	2996.18
961.42	2881.49
961.58	2727.89
961.75	2893.78
961.92	2901.97
962.09	2947.03
962.26	2871.25
962.43	2918.36
962.60	2906.07
962.76	2766.81
962.93	2775.00
963.10	2809.81
963.27	2861.01
963.44	2772.95
963.61	2775.00
963.77	2799.57
963.94	2768.85
964.11	2760.66
964.28	2789.33
964.45	2803.67
964.62	2770.90
964.78	2660.31
964.95	2705.37
965.12	2764.76
965.29	2854.87
965.46	2818.00
965.63	2766.81
965.79	2602.97
965.96	2746.33
966.13	2643.93
966.30	2686.94
966.47	2639.83
966.63	2670.55
966.80	2701.27
966.97	2500.57
967.14	2641.88
967.31	2715.61
967.47	2793.43
967.64	2580.44
967.81	2566.10
967.98	2682.84
968.15	2535.39
968.31	2484.19
968.48	2590.68
968.65	2664.41
968.82	2633.69
968.99	2609.11
969.15	2584.54
969.32	2592.73
969.49	2627.54
969.66	2394.08
969.82	2486.23
969.99	2369.50
970.16	2475.99
970.33	2484.19
970.49	2426.84
970.66	2500.57
970.83	2392.03
971.00	2426.84
971.17	2547.67
971.33	2400.22
971.50	2308.06
971.67	2432.99
971.84	2471.90
972.00	2449.37
972.17	2361.31
972.34	2381.79
972.50	2389.98
972.67	2396.12
972.84	2373.60
973.01	2346.97
973.17	2287.58
973.34	2293.72
973.51	2375.64
973.68	2152.42
973.84	2410.46
974.01	2265.05
974.18	2228.19
974.35	2295.77
974.51	2222.05
974.68	2392.03
974.85	2267.10
975.01	2217.95
975.18	2199.52
975.35	2187.23
975.52	2205.66
975.68	2203.61
975.85	2236.38
976.02	2195.42
976.18	2197.47
976.35	2236.38
976.52	2154.46
976.68	2314.20
976.85	2312.16
977.02	2168.80
977.18	2154.46
977.35	2066.40
977.52	2205.66
977.69	2115.55
977.85	2136.03
978.02	1953.76
978.19	2068.45
978.35	2009.06
978.52	2009.06
978.69	2066.40
978.85	2084.83
979.02	2101.22
979.19	1978.34
979.35	2097.12
979.52	2047.97
979.69	2060.26
979.85	2082.78
980.02	1984.48
980.19	2082.78
980.35	2027.49
980.52	1980.39
980.68	2050.02
980.85	1941.47
981.02	1972.19
981.18	1900.52
981.35	1867.75
981.52	1992.67
981.68	1914.85
981.85	1863.65
982.02	1898.47
982.18	1814.50
982.35	1867.75
982.51	1826.79
982.68	1816.55
982.85	1830.88
983.01	1857.51
983.18	1976.29
983.35	1822.69
983.51	1957.86
983.68	1855.46
983.84	1779.68
984.01	2011.11
984.18	1843.17
984.34	1845.22
984.51	1798.12
984.67	1959.91
984.84	1681.38
985.01	1847.27
985.17	1888.23
985.34	1771.49
985.50	1787.88
985.67	1660.90
985.84	1779.68
986.00	1828.84
986.17	1826.79
986.33	1761.25
986.50	1738.73
986.67	1761.25
986.83	1621.99
987.00	1751.01
987.16	1703.91
987.33	1751.01
987.49	1810.40
987.66	1699.81
987.83	1748.97
987.99	1677.29
988.16	1679.33
988.32	1630.18
988.49	1568.74
988.65	1560.55
988.82	1521.64
988.98	1636.33
989.15	1546.22
989.32	1585.13
989.48	1595.37
989.65	1630.18
989.81	1552.36
989.98	1648.61
990.14	1540.07
990.31	1658.85
990.47	1476.59
990.64	1529.83
990.80	1587.18
990.97	1505.26
991.13	1523.69
991.30	1753.06
991.47	1587.18
991.63	1482.73
991.80	1587.18
991.96	1634.28
992.13	1519.59
992.29	1468.39
992.46	1581.03
992.62	1503.21
992.79	1517.54
992.95	1427.43
993.12	1564.65
993.28	1474.54
993.45	1486.83
993.61	1538.02
993.78	1404.91
993.94	1505.26
994.11	1431.53
994.27	1572.84
994.44	1439.72
994.60	1415.15
994.77	1282.03
994.93	1601.51
995.10	1390.57
995.26	1521.64
995.43	1372.14
995.59	1361.90
995.76	1320.94
995.92	1478.63
996.08	1343.47
996.25	1382.38
996.41	1370.09
996.58	1370.09
996.74	1415.15
996.91	1476.59
997.07	1347.56
997.24	1435.63
997.40	1351.66
997.57	1322.99
997.73	1366.00
997.90	1322.99
998.06	1292.27
998.22	1402.86
998.39	1304.56
998.55	1333.23
998.72	1279.98
998.88	1304.56
999.05	1275.88
999.21	1214.45
999.37	1241.07
999.54	1267.69
999.70	1230.83
999.87	1322.99
1000.03	1286.12
1000.20	1210.35
1000.36	1236.97
1000.52	1247.21
1000.69	1179.63
1000.85	1226.73
1001.02	1284.08
1001.18	1251.31
1001.35	1097.71
1001.51	1230.83
1001.67	1134.57
1001.84	1142.77
1002.00	1198.06
1002.17	1259.50
1002.33	1247.21
1002.49	1153.01
1002.66	1220.59
1002.82	1171.44
1002.99	1042.42
1003.15	1234.93
1003.31	1212.40
1003.48	1232.88
1003.64	1224.69
1003.80	1226.73
1003.97	1134.57
1004.13	1064.94
1004.30	1101.81
1004.46	1189.87
1004.62	1087.47
1004.79	1150.96
1004.95	958.45
1005.11	1155.05
1005.28	1079.28
1005.44	1044.46
1005.60	872.43
1005.77	1118.19
1005.93	1036.27
1006.10	1017.84
1006.26	1015.79
1006.42	1050.61
1006.59	1023.98
1006.75	1066.99
1006.91	1052.66
1007.08	1058.80
1007.24	1005.55
1007.40	1083.38
1007.57	968.69
1007.73	1075.18
1007.89	1071.09
1008.06	1083.38
1008.22	1066.99
1008.38	978.93
1008.55	995.31
1008.71	1087.47
1008.87	985.07
1009.04	837.62
1009.20	989.17
1009.36	954.35
1009.53	897.01
1009.69	1026.03
1009.85	927.73
1010.01	903.15
1010.18	997.36
1010.34	907.25
1010.50	913.39
1010.67	911.35
1010.83	995.31
1010.99	985.07
1011.16	909.30
1011.32	948.21
1011.48	903.15
1011.64	901.11
1011.81	960.50
1011.97	825.33
1012.13	821.24
1012.30	921.59
1012.46	831.48
1012.62	907.25
1012.78	892.91
1012.95	835.57
1013.11	800.76
1013.27	882.67
1013.43	897.01
1013.60	821.24
1013.76	940.02
1013.92	894.96
1014.09	835.57
1014.25	811.00
1014.41	833.52
1014.57	901.11
1014.74	872.43
1014.90	831.48
1015.06	827.38
1015.22	765.94
1015.39	929.78
1015.55	864.24
1015.71	935.92
1015.87	839.67
1016.03	727.03
1016.20	788.47
1016.36	780.28
1016.52	704.50
1016.68	827.38
1016.85	679.93
1017.01	778.23
1017.17	690.17
1017.33	749.56
1017.50	755.70
1017.66	755.70
1017.82	808.95
1017.98	802.80
1018.14	700.41
1018.31	737.27
1018.47	763.89
1018.63	724.98
1018.79	702.45
1018.95	679.93
1019.12	722.93
1019.28	673.78
1019.44	696.31
1019.60	702.45
1019.76	747.51
1019.93	739.32
1020.09	770.04
1020.25	706.55
1020.41	663.54
1020.57	720.89
1020.73	659.45
1020.90	681.97
1021.06	602.10
1021.22	755.70
1021.38	724.98
1021.54	665.59
1021.71	767.99
1021.87	628.73
1022.03	612.34
1022.19	610.29
1022.35	638.97
1022.51	614.39
1022.67	559.10
1022.84	620.53
1023.00	559.10
1023.16	679.93
1023.32	583.67
1023.48	724.98
1023.64	559.10
1023.81	577.53
1023.97	681.97
1024.13	622.58
1024.29	669.69
1024.45	618.49
1024.61	522.23
1024.77	636.92
1024.93	532.47
1025.10	591.86
1025.26	620.53
1025.42	571.38
1025.58	643.06
1025.74	589.81
1025.90	696.31
1026.06	657.40
1026.22	524.28
1026.39	563.19
1026.55	538.62
1026.71	536.57
1026.87	561.14
1027.03	565.24
1027.19	473.08
1027.35	532.47
1027.51	505.85
1027.67	579.58
1027.83	489.46
1028.00	552.95
1028.16	608.25
1028.32	598.01
1028.48	563.19
1028.64	534.52
1028.80	550.90
1028.96	505.85
1029.12	616.44
1029.28	473.08
1029.44	460.79
1029.60	493.56
1029.76	571.38
1029.92	475.13
1030.09	438.27
1030.25	524.28
1030.41	403.45
1030.57	528.38
1030.73	442.36
1030.89	460.79
1031.05	413.69
1031.21	428.03
1031.37	555.00
1031.53	483.32
1031.69	548.86
1031.85	452.60
1032.01	450.55
1032.17	507.90
1032.33	432.12
1032.49	546.81
1032.65	417.79
1032.81	483.32
1032.97	380.92
1033.13	509.94
1033.29	421.88
1033.45	471.03
1033.62	444.41
1033.78	405.50
1033.94	296.96
1034.10	393.21
1034.26	501.75
1034.42	389.11
1034.58	378.87
1034.74	301.05
1034.90	475.13
1035.06	477.18
1035.22	425.98
1035.38	446.46
1035.54	399.35
1035.70	479.22
1035.86	448.51
1036.02	423.93
1036.18	397.31
1036.34	438.27
1036.50	475.13
1036.66	432.12
1036.82	403.45
1036.98	452.60
1037.14	442.36
1037.30	407.55
1037.45	282.62
1037.61	409.59
1037.77	423.93
1037.93	344.06
1038.09	458.75
1038.25	382.97
1038.41	354.30
1038.57	440.31
1038.73	282.62
1038.89	532.47
1039.05	278.52
1039.21	305.15
1039.37	350.20
1039.53	430.07
1039.69	372.73
1039.85	342.01
1040.01	305.15
1040.17	270.33
1040.33	335.87
1040.49	385.02
1040.65	362.49
1040.81	358.39
1040.96	305.15
1041.12	307.20
1041.28	368.63
1041.44	344.06
1041.60	344.06
